0.527215,0.258858,2.91738
0.19857,0.0791241,1.5993
0.168412,0.032649,0.774482
0.325744,0.0694096,1.16331
0.116541,0.0291229,0.796333
0.0767797,0.0261996,0.72949
0.0584159,0.0260096,0.366774
0.0255961,0.00878685,0.269581
0.0329396,0.0104507,0.112856
0.0265238,0.00873033,0.150178
0.0246621,0.0145252,0.685079
0.0401486,0.0186249,0.136902
0.0281755,0.0151062,0.455352
0.036985,0.00999748,0.202534
0.0295789,0.00668529,0.477168
0.0328929,0.00574672,0.262219
0.0211855,0.00780363,0.293691
0.0283155,0.0106525,0.276479
0.0219683,0.00761959,0.273085
0.0267301,0.0102131,0.24756
0.0207693,0.0071564,0.284131
0.0227776,0.00824789,0.195753
0.0161091,0.0057111,0.192976
0.0206354,0.00771254,0.0966968
0.0206271,0.00848377,0.207036
0.0225115,0.00789229,0.170988
0.0129813,0.00468399,0.124067
0.0136541,0.00429071,0.143791
0.0088926,0.00257881,0.0772152
0.00855805,0.00278512,0.0855508
0.00613662,0.0023648,0.0481823
0.00583322,0.00183034,0.0492978
0.00393884,0.00139609,0.0222814
0.00300179,0.00112063,0.0235726
0.00191089,0.000808216,0.0102404
0.00141079,0.000917368,0.00600593
0.00105146,0.000780343,0.00207764
0.00129132,0.00071592,0.0113349
0.00201054,0.000707303,0.0167603
0.00185825,0.000706162,0.00889361
0.00223492,0.000672528,0.0149414
0.00171777,0.000662249,0.0119604
0.00232514,0.000656201,0.0157683
0.00181047,0.000518465,0.0209498
0.00138713,0.00053071,0.00946171
0.00127341,0.000499586,0.00994996
0.00165347,0.000501428,0.0111431
0.00116982,0.000443185,0.00793981
0.00148607,0.000462362,0.0110408
0.00100675,0.000430965,0.00798878
0.00115234,0.000413417,0.00588359
0.000841977,0.00035025,0.00377268
0.00100228,0.000392057,0.00520844
0.00073826,0.000329393,0.00238997
0.000684394,0.000346921,0.00219533
0.000574697,0.000328291,0.00120226
0.00053771,0.000330844,0.000746525
0.000500968,0.000322171,0.00046653
0.00050543,0.000317276,0.000417579
0.000518309,0.000310727,0.000561873
0.000530697,0.000303863,0.000751132
0.000538397,0.000297474,0.00103269
0.000545176,0.000290973,0.00161228
0.000526273,0.000288162,0.00245968
0.000540691,0.000278678,0.00100954
0.000548755,0.000278625,0.0015462
0.000520459,0.000275041,0.000853482
0.000550172,0.000274656,0.00151542
0.000521235,0.000268004,0.00104463
0.000538228,0.000268926,0.00146685
0.000520728,0.000263689,0.00122433
0.000519798,0.00026094,0.00129199
0.000526557,0.000259655,0.00128474
0.000493283,0.000252566,0.00148407
0.000498094,0.000251893,0.000935949
0.000497511,0.000247965,0.00140689
0.000469497,0.000246958,0.000911864
0.000484405,0.000243678,0.0012224
0.00044304,0.000248959,0.00129297
0.000439841,0.000244191,0.000737127
0.000460878,0.000241056,0.000887109
0.000409588,0.000245999,0.000983785
0.000477657,0.000238781,0.000622883
0.000471882,0.000238673,0.00117638
0.000451029,0.000228907,0.000372789
0.00048044,0.000234124,0.000955379
0.000466313,0.000229552,0.000631301
0.000479142,0.000227045,0.000559172
0.000493111,0.000226861,0.0005228
0.000487932,0.000221001,0.000715699
0.000496909,0.000219944,0.000370639
0.00050025,0.000217379,0.000688929
0.000501413,0.000221799,0.000393431
0.000499662,0.0002224,0.000604786
0.000509735,0.000222989,0.000348292
0.000510006,0.000221468,0.000689175
0.000506404,0.000226548,0.000287694
0.000514462,0.000220206,0.000662391
0.000503006,0.000226857,0.000336406
0.000505957,0.000218099,0.000534635
0.000510317,0.000222626,0.000375106
0.000501576,0.000212411,0.000650589
0.000506336,0.000221768,0.000335131
0.000503564,0.000208415,0.000706127
0.000495649,0.000213938,0.000345858
0.000493563,0.000210407,0.000609645
0.000487257,0.000210177,0.000336831
0.000484358,0.000210744,0.000604006
0.000479642,0.000203319,0.000343938
0.000472363,0.000209304,0.000619903
0.00046982,0.00020556,0.000356511
0.000459692,0.000211362,0.000584462
0.000465685,0.000211935,0.000326037
0.000437012,0.000218917,0.000555971
0.000466006,0.000216725,0.000396923
0.000440539,0.000222272,0.0006663
0.000450358,0.000222096,0.000318052
0.000431905,0.000226489,0.000605863
0.000442544,0.000225418,0.000336505
0.000424621,0.000229221,0.000518748
0.000420895,0.000229436,0.000291019
0.000411999,0.000231225,0.000403342
0.000416912,0.000230346,0.000295937
0.000398872,0.000232247,0.000476598
0.000405605,0.000230791,0.000280091
0.000387497,0.000232006,0.000508726
0.000396868,0.00023095,0.000272656
0.000396396,0.000230951,0.000533599
0.000397733,0.000229985,0.000215457
0.000402101,0.000229276,0.000532146
0.000400857,0.000228239,0.000190531
0.000406221,0.00022625,0.000696564
0.000407565,0.000225956,0.000190866
0.000397527,0.00022504,0.000417816
0.000400487,0.000220333,0.000464472
0.000410173,0.00022197,0.000320678
0.000944643,0.000974453,0.00990375
0.00115468,0.00122198,0.00525698
0.000312935,0.00029878,0.00194584
0.000469576,0.000213557,0.000755841
0.000328709,0.000301991,0.00272299
0.000549231,0.000225852,0.000874476
0.000428238,0.000231001,0.000932345
0.00035963,0.000292524,0.000897361
0.000407201,0.000197849,0.000212637
0.000389901,0.000194618,0.000168914
0.000350764,0.00022187,0.00061419
0.000442355,0.000191856,0.000552609
0.000370371,0.000183209,0.000248078
0.000375868,0.000182191,0.000175018
0.00036468,0.000179839,0.000261764
0.000384219,0.000171042,0.000455607
0.000367083,0.000175396,0.000300789
0.000333876,0.000190838,0.00100226
0.000387429,0.000224107,0.00104459
0.000362592,0.000176145,0.000757324
0.000367107,0.000174944,0.000765905
0.000317042,0.000181434,0.000482443
0.000376644,0.000172938,0.000549005
0.000287349,0.000175776,0.000469188
0.000369487,0.000172554,0.000403064
0.000282938,0.000173443,0.000813827
0.000364369,0.000171525,0.000311051
0.000322413,0.000172837,0.000412099
0.000270287,0.000164966,0.000428013
0.000325713,0.000170363,0.000346378
0.000397455,0.00017875,0.00119965
0.000242852,0.000221008,0.000784438
0.000334866,0.000160151,0.00110806
0.00023712,0.000162891,0.000387954
0.000313519,0.000158008,0.000468184
0.000260818,0.000155725,0.00131056
0.000379968,0.0001546,0.00044066
0.000250828,0.000150599,0.000239759
0.000230863,0.000143451,0.000344027
0.000251615,0.000147101,0.000200505
0.000231937,0.00014217,0.000149051
0.000230078,0.000140298,0.000193127
0.000231824,0.000131746,0.000389843
0.000232422,0.00013407,0.000292216
0.000222095,0.000129532,0.000142155
0.000228666,0.000135689,0.000762536
0.00024586,0.000186899,0.00076312
0.000226001,0.00011956,0.000466348
0.000920229,0.00135074,0.0119109
0.00120726,0.0016615,0.00552592
0.000542692,0.000269745,0.00469395
0.000345963,0.000186609,0.00146766
0.000422696,0.000145385,0.00310054
0.000329057,0.000194452,0.00100708
0.000344211,0.00013156,0.00117634
0.000267973,0.000159235,0.00105477
0.000300953,0.000119865,0.000723664
0.000249085,0.000149865,0.00137357
0.000290971,0.000122874,0.000500585
0.000191214,0.000107133,0.000122604
0.000192972,0.000100655,0.000108002
0.000187878,9.94045e-05,9.29683e-05
0.000186308,9.79348e-05,0.000124272
0.000181879,9.70246e-05,0.000355517
0.000179451,9.63352e-05,0.000108599
0.000178617,9.54442e-05,0.000200213
0.000189502,9.95433e-05,0.000662643
0.000188264,9.69788e-05,0.000133247
0.000174705,9.36725e-05,0.000105294
0.000173786,9.49068e-05,0.000114789
0.00017104,9.55275e-05,9.15682e-05
0.000171291,9.78669e-05,9.03438e-05
0.000165034,0.000102338,0.000210924
0.000167921,0.000100028,0.000103592
0.000166554,0.000104264,9.56876e-05
0.000167715,0.000106187,0.000112781
0.000155458,0.000108355,0.000235829
0.000164374,0.000108244,9.63699e-05
0.000162732,0.00010922,0.000171898
0.000154019,0.000116275,0.000226247
0.000157146,0.00011218,0.000196166
0.000287573,0.000392764,0.00243329
0.000335391,0.000475394,0.00137086
0.000150546,0.000123562,0.000238435
0.000151761,0.000119739,0.000141237
0.000159897,0.000113709,0.000873227
0.000157232,0.000130196,0.000336737
0.000164583,0.000126328,0.000603775
0.000140799,0.00012143,0.000180977
0.000145796,0.000126277,0.000261678
0.000138818,0.00012479,0.000114037
0.000138278,0.000127532,0.000121638
0.000136088,0.000125756,8.96704e-05
0.000134264,0.000128507,0.000101775
0.000132717,0.000126678,7.24166e-05
0.00013018,0.000130117,0.000153205
0.000129443,0.00012604,8.8743e-05
0.000125353,0.000131199,0.00022492
0.000127312,0.00012533,0.000116552
0.000121398,0.000132768,0.000263399
0.000124502,0.00012427,0.0001575
0.000121798,0.000129793,0.000264354
0.000124443,0.000125961,0.000186195
0.000122365,0.000129979,0.000218511
0.000119341,0.000125606,0.000242227
0.000121227,0.000128591,0.000213196
0.000117003,0.000124375,0.000204226
0.000120708,0.000127368,0.000218744
0.000114823,0.000122487,0.000198057
0.000117566,0.000125617,0.000200132
0.00011336,0.00012251,0.000307152
0.000121568,0.000121827,0.000159392
0.000107206,0.000121632,0.000219826
0.000112551,0.000119303,0.000136844
0.000103828,0.000119727,0.000193334
0.000109507,0.000116305,0.000114302
0.00010536,0.00011995,0.000256717
0.000114806,0.000110002,7.8133e-05
9.65261e-05,0.000116605,0.000172485
0.000115255,0.000108612,8.55163e-05
0.000100176,0.000113069,0.000163292
0.000115592,0.000105309,9.33241e-05
0.000100518,0.00010954,0.000148109
0.000116199,0.000102618,0.000105279
9.94485e-05,0.000106235,0.000150402
0.000118231,9.85746e-05,0.000110661
9.85941e-05,0.000102831,0.000164615
0.000119223,9.77049e-05,0.000113519
0.000100536,9.86208e-05,0.000161368
0.000119216,9.6654e-05,0.000122845
9.82688e-05,9.49373e-05,0.000165826
0.000120247,9.536e-05,0.000123181
0.000101372,9.03228e-05,0.000155869
0.000118899,9.34956e-05,0.000139061
9.89827e-05,8.8632e-05,0.000152226
0.000118071,9.16152e-05,0.000126553
9.78928e-05,8.6762e-05,0.000157811
0.00011885,9.01668e-05,0.000124606
9.75714e-05,8.46729e-05,0.000162646
0.000118287,8.82405e-05,0.000119637
9.76278e-05,8.25227e-05,0.000144965
0.000117362,8.60184e-05,0.000133496
9.51519e-05,8.02958e-05,0.000147937
0.000116304,8.33816e-05,0.000126912
9.7048e-05,7.83725e-05,0.000137398
0.000113525,8.03598e-05,0.000152042
9.17389e-05,7.58136e-05,0.000134257
0.000111675,7.77097e-05,0.000109694
9.43057e-05,7.33503e-05,0.000158979
0.000110852,7.58007e-05,0.000108124
9.22552e-05,7.04204e-05,0.000133929
0.000109733,7.29976e-05,0.000121813
8.92227e-05,6.75615e-05,0.000124897
0.000106158,6.95664e-05,0.0001157
8.9237e-05,6.51192e-05,0.000125194
0.000105501,6.70552e-05,0.000123396
8.57431e-05,6.19834e-05,0.000122926
0.00010384,6.41889e-05,0.000117808
8.42038e-05,5.911e-05,0.000118123
0.000100989,6.09943e-05,0.000120468
8.25967e-05,5.61995e-05,0.00012676
9.91853e-05,5.82343e-05,0.000104411
8.18668e-05,5.32748e-05,0.000126022
9.58204e-05,5.5065e-05,0.000104395
8.00206e-05,5.05379e-05,0.000128368
9.34049e-05,5.22387e-05,0.000103428
7.80831e-05,4.79434e-05,0.000112061
9.09745e-05,4.90753e-05,0.000110939
7.49161e-05,4.776e-05,0.000114097
9.02201e-05,4.86065e-05,0.000103551
7.3014e-05,4.8095e-05,0.00010461
8.67374e-05,4.83009e-05,0.00011246
7.20239e-05,4.78997e-05,0.000104114
8.41938e-05,4.81035e-05,0.000102071
7.16197e-05,4.77072e-05,9.68053e-05
8.04013e-05,4.80466e-05,9.43393e-05
7.17978e-05,4.74324e-05,0.000111062
7.80112e-05,4.78666e-05,8.13252e-05
7.15334e-05,4.72031e-05,0.000105449
7.61881e-05,4.74471e-05,8.66357e-05
6.98916e-05,4.69821e-05,8.89462e-05
7.42764e-05,4.70688e-05,9.35856e-05
6.91563e-05,4.6532e-05,9.97062e-05
7.10864e-05,4.67612e-05,8.29672e-05
6.91921e-05,4.60599e-05,0.000102863
6.90161e-05,4.62587e-05,8.28242e-05
6.85638e-05,4.5531e-05,0.000106451
6.69852e-05,4.58469e-05,7.89182e-05
6.7446e-05,4.5053e-05,9.73233e-05
6.51408e-05,4.52155e-05,8.27338e-05
6.56413e-05,4.45724e-05,8.8927e-05
6.17891e-05,4.46464e-05,9.06637e-05
6.55544e-05,4.366e-05,0.000101098
6.06965e-05,4.41466e-05,8.59834e-05
6.3825e-05,4.32445e-05,9.62918e-05
5.9166e-05,4.32734e-05,9.39157e-05
6.26466e-05,4.23775e-05,9.20629e-05
5.67239e-05,4.27149e-05,8.47447e-05
6.18011e-05,4.16998e-05,0.00010055
5.50105e-05,4.18895e-05,6.90685e-05
6.13981e-05,4.09415e-05,0.000107355
5.28501e-05,4.1089e-05,7.92008e-05
5.93798e-05,4.01499e-05,9.24791e-05
5.26576e-05,4.02464e-05,8.35676e-05
5.83325e-05,3.92465e-05,0.000103768
4.98336e-05,3.94342e-05,6.79047e-05
5.55081e-05,3.86526e-05,8.58363e-05
5.03797e-05,3.85827e-05,8.37883e-05
5.36945e-05,3.81298e-05,9.30255e-05
4.87929e-05,3.80133e-05,6.91132e-05
5.2443e-05,3.75288e-05,8.96949e-05
4.66272e-05,3.74329e-05,6.46139e-05
5.01146e-05,3.69234e-05,7.38982e-05
4.60911e-05,3.67301e-05,7.62845e-05
4.86632e-05,3.6283e-05,8.21231e-05
4.36325e-05,3.61055e-05,6.31355e-05
4.76119e-05,3.55523e-05,9.09325e-05
4.241e-05,3.54086e-05,6.52382e-05
4.51123e-05,3.48999e-05,7.35679e-05
4.12734e-05,3.47744e-05,6.31617e-05
4.33015e-05,3.41819e-05,7.67194e-05
3.98228e-05,3.48923e-05,6.00687e-05
4.11874e-05,3.34546e-05,7.39178e-05
3.85124e-05,3.47951e-05,6.35883e-05
3.97396e-05,3.26792e-05,7.66343e-05
3.8367e-05,3.45811e-05,5.17916e-05
3.86219e-05,3.24204e-05,7.89786e-05
3.80698e-05,3.48399e-05,6.07578e-05
3.6158e-05,3.19217e-05,6.73395e-05
3.59122e-05,3.49487e-05,8.22767e-05
3.68972e-05,3.19489e-05,6.95245e-05
3.57628e-05,3.34099e-05,3.9555e-05
3.49216e-05,3.24444e-05,8.69247e-05
3.88613e-05,3.36753e-05,5.35549e-05
3.25938e-05,3.16388e-05,6.49984e-05
3.55845e-05,3.32268e-05,5.51498e-05
3.27284e-05,3.12662e-05,7.74708e-05
3.51721e-05,3.30511e-05,4.80172e-05
3.28197e-05,3.0811e-05,6.89986e-05
3.40136e-05,3.25843e-05,5.13433e-05
3.25137e-05,3.0421e-05,7.12042e-05
3.35814e-05,3.18757e-05,4.08657e-05
3.0748e-05,3.0102e-05,7.82505e-05
3.36192e-05,3.15337e-05,3.73954e-05
3.15813e-05,2.96171e-05,6.41398e-05
3.19127e-05,3.10447e-05,4.54675e-05
3.14315e-05,2.91918e-05,6.53507e-05
3.18265e-05,3.01153e-05,2.53303e-05
2.86708e-05,2.92685e-05,6.43718e-05
3.0214e-05,2.96255e-05,6.9299e-05
2.95522e-05,2.86013e-05,5.79462e-05
3.15393e-05,2.95169e-05,4.82127e-05
2.77965e-05,2.73187e-05,5.43814e-05
3.10043e-05,2.92288e-05,4.58162e-05
2.63494e-05,2.67032e-05,6.46955e-05
3.09939e-05,2.87891e-05,4.51238e-05
2.58557e-05,2.62721e-05,6.32674e-05
2.97785e-05,2.82145e-05,4.40968e-05
2.53369e-05,2.56131e-05,6.79863e-05
2.88958e-05,2.7728e-05,4.20131e-05
2.62011e-05,2.51465e-05,5.65411e-05
2.6762e-05,2.68545e-05,4.62392e-05
2.56145e-05,2.49573e-05,5.98713e-05
2.59235e-05,2.62095e-05,4.06247e-05
2.47509e-05,2.4203e-05,6.10043e-05
2.59362e-05,2.62691e-05,3.46727e-05
2.48551e-05,2.3959e-05,5.30803e-05
2.37354e-05,2.57071e-05,4.08891e-05
2.53643e-05,2.34895e-05,5.22929e-05
2.29769e-05,2.55253e-05,3.80221e-05
2.52207e-05,2.32062e-05,5.57124e-05
2.21784e-05,2.51006e-05,3.68897e-05
2.53688e-05,2.28725e-05,5.09714e-05
2.10568e-05,2.47884e-05,4.26149e-05
2.56935e-05,2.23652e-05,5.15991e-05
2.09356e-05,2.44959e-05,4.00393e-05
2.50709e-05,2.22673e-05,5.0518e-05
2.11451e-05,2.37971e-05,3.87727e-05
2.49649e-05,2.20102e-05,5.50773e-05
2.12974e-05,2.33776e-05,3.30724e-05
2.47526e-05,2.17746e-05,4.63432e-05
2.11466e-05,2.2929e-05,3.98936e-05
2.47483e-05,2.12361e-05,4.64917e-05
2.11876e-05,2.26437e-05,2.96608e-05
2.42674e-05,2.09809e-05,4.5956e-05
2.15674e-05,2.22594e-05,3.29708e-05
2.30595e-05,2.0774e-05,5.0948e-05
2.1527e-05,2.15489e-05,3.01909e-05
2.38037e-05,2.04199e-05,3.98552e-05
2.06441e-05,2.13236e-05,3.30112e-05
2.39765e-05,1.99478e-05,4.09647e-05
2.06104e-05,2.09865e-05,3.08466e-05
2.2935e-05,1.95856e-05,4.52082e-05
2.07873e-05,2.06054e-05,2.4633e-05
2.28806e-05,1.92756e-05,3.77741e-05
1.9836e-05,2.02782e-05,3.78389e-05
2.31434e-05,1.86949e-05,4.08746e-05
1.92983e-05,1.99685e-05,3.36081e-05
2.29192e-05,1.8525e-05,4.04767e-05
1.91973e-05,1.95123e-05,3.26249e-05
2.22997e-05,1.82395e-05,4.28813e-05
1.89453e-05,1.91964e-05,3.22918e-05
2.19489e-05,1.79145e-05,3.93066e-05
1.86433e-05,1.88833e-05,3.25727e-05
2.16747e-05,1.77167e-05,4.0884e-05
1.87874e-05,1.84108e-05,3.43585e-05
2.14137e-05,1.74755e-05,3.66895e-05
1.89973e-05,1.80337e-05,3.55402e-05
2.11843e-05,1.71697e-05,3.89205e-05
1.86852e-05,1.77451e-05,3.31758e-05
2.04879e-05,1.68067e-05,3.98218e-05
1.81969e-05,1.75619e-05,3.06409e-05
2.00789e-05,1.65905e-05,3.82952e-05
1.82495e-05,1.71831e-05,3.13976e-05
1.96441e-05,1.63621e-05,3.72738e-05
1.80913e-05,1.68103e-05,2.77247e-05
1.89416e-05,1.60678e-05,3.88502e-05
1.76666e-05,1.65654e-05,2.89586e-05
1.87201e-05,1.5841e-05,3.9832e-05
1.72459e-05,1.62145e-05,2.68344e-05
1.81645e-05,1.55316e-05,3.28861e-05
1.7525e-05,1.593e-05,2.96845e-05
1.80645e-05,1.5262e-05,3.40143e-05
1.74563e-05,1.56388e-05,2.81375e-05
1.77449e-05,1.49849e-05,3.55308e-05
1.69296e-05,1.53194e-05,2.69537e-05
1.76583e-05,1.46963e-05,3.29107e-05
1.66118e-05,1.50676e-05,2.9461e-05
1.72843e-05,1.44008e-05,3.1253e-05
1.65809e-05,1.47771e-05,3.00405e-05
1.67932e-05,1.41263e-05,3.17849e-05
1.65523e-05,1.44592e-05,2.73315e-05
1.6725e-05,1.38059e-05,3.28722e-05
1.58785e-05,1.42394e-05,2.6242e-05
1.67841e-05,1.35149e-05,3.4049e-05
1.54709e-05,1.39536e-05,2.57756e-05
1.61441e-05,1.33914e-05,2.66093e-05
1.6074e-05,1.35838e-05,3.29353e-05
1.58914e-05,1.2931e-05,3.52427e-05
1.49658e-05,1.33995e-05,2.67337e-05
1.58831e-05,1.27879e-05,3.19806e-05
1.4994e-05,1.30023e-05,2.51011e-05
1.55165e-05,1.25567e-05,2.97639e-05
1.46419e-05,1.27207e-05,2.38259e-05
1.53983e-05,1.23118e-05,2.96834e-05
1.46596e-05,1.24334e-05,2.5049e-05
1.53078e-05,1.21052e-05,3.07284e-05
1.39187e-05,1.22302e-05,1.90296e-05
1.54479e-05,1.1871e-05,3.07921e-05
1.40139e-05,1.18396e-05,2.46904e-05
1.51249e-05,1.16494e-05,2.78528e-05
1.3646e-05,1.17741e-05,2.43229e-05
1.47972e-05,1.13753e-05,2.59305e-05
1.37637e-05,1.15169e-05,2.12869e-05
1.47814e-05,1.11537e-05,2.81352e-05
1.32071e-05,1.14221e-05,2.11965e-05
1.46026e-05,1.09045e-05,2.64213e-05
1.32659e-05,1.1248e-05,2.61296e-05
1.41785e-05,1.06956e-05,2.52882e-05
1.31735e-05,1.10004e-05,2.32431e-05
1.41869e-05,1.04911e-05,2.85887e-05
1.26684e-05,1.09236e-05,2.29675e-05
1.39242e-05,1.01996e-05,2.63041e-05
1.25578e-05,1.0734e-05,2.36583e-05
1.35893e-05,9.95977e-06,2.08066e-05
1.24547e-05,1.06357e-05,2.92716e-05
1.34869e-05,9.72044e-06,2.72913e-05
1.23674e-05,1.03438e-05,2.83862e-05
1.34532e-05,9.51806e-06,2.99887e-05
1.14825e-05,1.03569e-05,2.59921e-05
1.32746e-05,9.35038e-06,2.66697e-05
1.16839e-05,1.00988e-05,2.94847e-05
1.28247e-05,9.12547e-06,2.59842e-05
1.15955e-05,9.80253e-06,2.59037e-05
1.27149e-05,8.90241e-06,2.8837e-05
1.10959e-05,9.69042e-06,2.46795e-05
1.24567e-05,8.73602e-06,2.64099e-05
1.10539e-05,9.48826e-06,2.41692e-05
1.21664e-05,8.55723e-06,2.50599e-05
1.11052e-05,9.32516e-06,2.4158e-05
1.18351e-05,8.38017e-06,2.27424e-05
1.10059e-05,9.10276e-06,2.59083e-05
1.17402e-05,8.43746e-06,2.48868e-05
1.1433e-05,9.00527e-06,2.2858e-05
1.16335e-05,8.01712e-06,2.61581e-05
1.0999e-05,8.56289e-06,2.36407e-05
1.10964e-05,7.95506e-06,2.46827e-05
1.08908e-05,8.06132e-06,1.95381e-05
1.15506e-05,7.7266e-06,3.29202e-05
1.21313e-05,8.249e-06,1.2242e-05
1.11659e-05,7.59883e-06,2.08994e-05
1.16246e-05,8.05429e-06,1.94246e-05
1.08352e-05,7.57137e-06,1.95295e-05
1.12981e-05,7.77319e-06,1.92441e-05
1.07465e-05,7.45715e-06,2.06561e-05
1.15847e-05,7.66238e-06,1.71121e-05
1.07274e-05,7.46912e-06,2.10189e-05
1.19001e-05,7.64846e-06,1.91699e-05
1.06163e-05,7.46233e-06,1.98385e-05
1.14455e-05,7.43927e-06,2.05316e-05
1.07498e-05,7.49002e-06,2.09419e-05
1.17419e-05,7.4587e-06,1.86646e-05
1.05308e-05,7.52292e-06,2.18998e-05
1.1828e-05,7.46455e-06,1.97226e-05
1.06414e-05,7.54027e-06,2.06559e-05
1.14838e-05,7.48665e-06,1.9975e-05
1.0704e-05,7.54491e-06,2.12168e-05
1.17102e-05,7.48925e-06,1.83485e-05
1.05672e-05,7.54817e-06,2.06534e-05
1.16325e-05,7.47753e-06,2.10233e-05
1.06667e-05,7.5491e-06,1.93271e-05
1.15542e-05,7.47944e-06,1.8773e-05
1.05336e-05,7.53761e-06,2.00069e-05
1.16202e-05,7.46204e-06,1.97559e-05
1.05235e-05,7.52464e-06,1.95306e-05
1.14253e-05,7.44811e-06,1.94381e-05
1.05132e-05,7.49901e-06,1.94398e-05
1.14762e-05,7.42371e-06,1.88424e-05
1.04688e-05,7.47389e-06,1.83948e-05
1.13462e-05,7.39276e-06,1.94014e-05
1.05017e-05,7.45086e-06,1.82731e-05
1.11833e-05,7.36454e-06,1.77074e-05
1.03527e-05,7.41507e-06,1.86791e-05
1.13984e-05,7.31798e-06,1.70752e-05
1.03778e-05,7.37951e-06,1.75666e-05
1.07472e-05,7.30697e-06,1.67775e-05
1.01768e-05,7.32042e-06,2.16903e-05
1.14514e-05,7.23662e-06,1.53907e-05
1.01404e-05,7.28573e-06,1.58031e-05
1.07938e-05,7.21217e-06,1.57645e-05
1.02352e-05,7.22533e-06,1.70849e-05
1.07198e-05,7.15969e-06,1.46054e-05
1.00554e-05,7.17924e-06,1.73529e-05
1.0946e-05,7.09672e-06,1.40763e-05
1.01138e-05,7.12286e-06,1.51404e-05
1.02821e-05,7.06286e-06,1.43407e-05
1.00262e-05,7.05766e-06,1.61285e-05
1.03512e-05,7.00568e-06,1.55278e-05
9.99848e-06,6.9922e-06,1.44361e-05
1.0443e-05,6.94329e-06,1.22258e-05
9.88015e-06,6.93485e-06,1.37764e-05
1.35137e-05,6.8405e-06,6.58555e-05
9.41006e-06,6.91616e-06,3.5803e-05
9.68485e-06,6.81441e-06,4.33468e-05
1.13344e-05,6.851e-06,1.23492e-05
8.90899e-06,6.74059e-06,2.26263e-05
1.06828e-05,6.74902e-06,1.72744e-05
8.90786e-06,6.68045e-06,2.02479e-05
1.02692e-05,6.67378e-06,1.8033e-05
9.00647e-06,6.61799e-06,1.85245e-05
9.95833e-06,6.60651e-06,1.73105e-05
8.91843e-06,6.55131e-06,1.92027e-05
9.98334e-06,6.523e-06,1.48618e-05
8.92509e-06,6.49168e-06,1.56272e-05
9.64057e-06,6.45178e-06,1.45732e-05
8.94661e-06,6.42457e-06,1.54479e-05
9.55169e-06,6.38067e-06,1.25598e-05
8.89736e-06,6.35474e-06,1.43542e-05
9.21074e-06,6.31047e-06,1.19329e-05
8.79707e-06,6.28211e-06,1.46551e-05
9.39124e-06,6.23524e-06,9.70998e-06
8.71125e-06,6.21034e-06,1.18246e-05
8.97507e-06,6.16662e-06,1.03007e-05
8.69719e-06,6.13973e-06,1.1996e-05
8.97539e-06,6.09136e-06,9.60569e-06
8.64654e-06,6.06827e-06,1.1076e-05
8.74431e-06,6.02174e-06,9.88659e-06
8.54123e-06,5.99442e-06,1.0687e-05
8.60775e-06,5.95042e-06,9.96412e-06
8.52093e-06,5.91997e-06,9.87271e-06
8.47992e-06,5.88192e-06,9.97974e-06
8.33322e-06,5.84497e-06,1.02764e-05
8.34373e-06,5.80913e-06,9.95285e-06
8.27702e-06,5.77439e-06,1.01816e-05
8.21545e-06,5.73678e-06,1.00096e-05
8.14967e-06,5.70218e-06,1.02685e-05
8.14724e-06,5.66453e-06,9.9784e-06
8.04296e-06,5.62966e-06,9.69109e-06
8.00117e-06,5.5936e-06,9.86365e-06
7.87957e-06,5.5581e-06,1.02516e-05
8.00159e-06,5.52247e-06,1.02698e-05
7.81729e-06,5.48562e-06,9.40916e-06
7.76836e-06,5.4528e-06,9.8549e-06
7.70514e-06,5.41581e-06,9.59212e-06
7.6525e-06,5.38855e-06,9.68273e-06
7.69625e-06,5.36641e-06,9.63696e-06
7.53913e-06,5.34712e-06,9.24785e-06
7.56298e-06,5.32604e-06,7.95181e-06
7.42111e-06,5.3037e-06,9.41071e-06
7.39105e-06,5.28207e-06,9.8501e-06
7.28419e-06,5.26102e-06,9.90468e-06
7.31887e-06,5.23745e-06,1.04499e-05
7.37095e-06,5.21843e-06,8.70535e-06
7.14531e-06,5.19591e-06,9.07796e-06
7.08765e-06,5.17606e-06,9.3601e-06
7.14033e-06,5.15378e-06,9.29705e-06
7.02635e-06,5.1341e-06,8.92844e-06
7.01126e-06,5.11115e-06,9.35838e-06
6.96225e-06,5.09221e-06,8.5813e-06
6.8284e-06,5.071e-06,8.64973e-06
6.97629e-06,5.05057e-06,7.56518e-06
6.78373e-06,5.02977e-06,8.49276e-06
6.72753e-06,5.00939e-06,8.47324e-06
6.60623e-06,4.98878e-06,8.58766e-06
6.63001e-06,4.96655e-06,9.03428e-06
6.6569e-06,4.94698e-06,8.68378e-06
6.60105e-06,4.92583e-06,8.36858e-06
6.50567e-06,4.90638e-06,8.0114e-06
6.46865e-06,4.88534e-06,8.1387e-06
6.38951e-06,4.86617e-06,7.92829e-06
6.36675e-06,4.84537e-06,7.93828e-06
6.33056e-06,4.82538e-06,7.86801e-06
6.34576e-06,4.80553e-06,7.49307e-06
6.20143e-06,4.78633e-06,7.41174e-06
6.18459e-06,4.76537e-06,7.77989e-06
6.20296e-06,4.74589e-06,7.62123e-06
6.05962e-06,4.72672e-06,7.54982e-06
6.02589e-06,4.70638e-06,7.54541e-06
6.03424e-06,4.68682e-06,7.65021e-06
5.96585e-06,4.66801e-06,7.18616e-06
5.96633e-06,4.64777e-06,7.2887e-06
5.88997e-06,4.62899e-06,7.27401e-06
5.76371e-06,4.60962e-06,7.53184e-06
5.84727e-06,4.58955e-06,7.43571e-06
5.76736e-06,4.57133e-06,7.12014e-06
5.70145e-06,4.55244e-06,6.96267e-06
5.71135e-06,4.53281e-06,7.16155e-06
5.5751e-06,4.51592e-06,6.6735e-06
5.54973e-06,4.49584e-06,6.9305e-06
5.59109e-06,4.47745e-06,7.03325e-06
5.53333e-06,4.45906e-06,6.79655e-06
5.45827e-06,4.44044e-06,6.88378e-06
5.45088e-06,4.42198e-06,6.76106e-06
5.33268e-06,4.40521e-06,6.55471e-06
5.36781e-06,4.38527e-06,6.85273e-06
5.36191e-06,4.36826e-06,6.40277e-06
5.21646e-06,4.35061e-06,6.46047e-06
5.2025e-06,4.33258e-06,6.42833e-06
5.21675e-06,4.31415e-06,6.82806e-06
5.14238e-06,4.29722e-06,6.54437e-06
5.12237e-06,4.2792e-06,6.51109e-06
5.09996e-06,4.26204e-06,6.38314e-06
5.04846e-06,4.24448e-06,6.38225e-06
5.01501e-06,4.22717e-06,6.36345e-06
5.00704e-06,4.21049e-06,6.00952e-06
4.9098e-06,4.19439e-06,5.78347e-06
4.90683e-06,4.17634e-06,6.12981e-06
4.87523e-06,4.16041e-06,5.95403e-06
4.78361e-06,4.14373e-06,5.914e-06
4.75371e-06,4.12663e-06,6.21767e-06
4.79645e-06,4.10976e-06,6.26084e-06
4.68178e-06,4.09445e-06,5.90464e-06
4.71537e-06,4.07655e-06,6.26954e-06
4.69687e-06,4.06111e-06,5.9142e-06
4.60538e-06,4.04598e-06,5.47369e-06
4.56054e-06,4.02906e-06,5.83858e-06
4.54863e-06,4.01366e-06,5.81843e-06
4.54813e-06,3.99749e-06,5.78603e-06
4.51985e-06,3.98226e-06,5.46275e-06
4.45875e-06,3.96749e-06,5.40902e-06
4.44229e-06,3.95066e-06,5.78312e-06
4.44274e-06,3.93654e-06,5.40899e-06
4.429e-06,3.9207e-06,5.52709e-06
4.4291e-06,3.90503e-06,6.08833e-06
4.40852e-06,3.89112e-06,5.22628e-06
4.3933e-06,3.87559e-06,5.31047e-06
4.39439e-06,3.86119e-06,5.38082e-06
4.36599e-06,3.84587e-06,5.39494e-06
4.37374e-06,3.8325e-06,4.90682e-06
4.34766e-06,3.81709e-06,5.21012e-06
4.34034e-06,3.8032e-06,5.04464e-06
4.32488e-06,3.78901e-06,4.95357e-06
4.30749e-06,3.7749e-06,4.91952e-06
4.29124e-06,3.76029e-06,5.28304e-06
4.28628e-06,3.74707e-06,4.7785e-06
4.25289e-06,3.73174e-06,5.34646e-06
4.25809e-06,3.7195e-06,4.63927e-06
4.22844e-06,3.70492e-06,4.93628e-06
4.2122e-06,3.6919e-06,4.77183e-06
4.1986e-06,3.67804e-06,4.95427e-06
4.17429e-06,3.66448e-06,4.96696e-06
4.14892e-06,3.65141e-06,4.69664e-06
4.14225e-06,3.63841e-06,4.65093e-06
4.10594e-06,3.62451e-06,4.87337e-06
4.09896e-06,3.61228e-06,4.57445e-06
4.07092e-06,3.59857e-06,4.79742e-06
4.06287e-06,3.58687e-06,4.39293e-06
4.02307e-06,3.57257e-06,4.91224e-06
4.01409e-06,3.56125e-06,4.4393e-06
3.98594e-06,3.54753e-06,4.73477e-06
3.95696e-06,3.53629e-06,4.15883e-06
3.9424e-06,3.52309e-06,4.48091e-06
3.91146e-06,3.51119e-06,4.35444e-06
3.86807e-06,3.49818e-06,4.6158e-06
3.88946e-06,3.48744e-06,4.08335e-06
3.8376e-06,3.47418e-06,4.43471e-06
3.82031e-06,3.46318e-06,4.08259e-06
3.77352e-06,3.45008e-06,4.53549e-06
3.78389e-06,3.43959e-06,4.00469e-06
3.74567e-06,3.42698e-06,4.24889e-06
3.71328e-06,3.41541e-06,4.32592e-06
3.69354e-06,3.4039e-06,4.22813e-06
3.64863e-06,3.39234e-06,4.29657e-06
3.63284e-06,3.38063e-06,4.15311e-06
3.64308e-06,3.37035e-06,3.7863e-06
3.58357e-06,3.35808e-06,4.10633e-06
3.53461e-06,3.34752e-06,3.85864e-06
3.55033e-06,3.33667e-06,3.77022e-06
3.5023e-06,3.32522e-06,3.9183e-06
3.46324e-06,3.31426e-06,3.9101e-06
3.46496e-06,3.30393e-06,3.68183e-06
3.42131e-06,3.29222e-06,4.03423e-06
3.39306e-06,3.28207e-06,3.78317e-06
3.35987e-06,3.27081e-06,3.94239e-06
3.42869e-06,3.25419e-06,7.8037e-06
3.25942e-06,3.25275e-06,4.47214e-06
3.28159e-06,3.23771e-06,3.13684e-06
3.23907e-06,3.22961e-06,3.1937e-06
3.22285e-06,3.21894e-06,3.19977e-06
3.17907e-06,3.20891e-06,3.252e-06
3.16059e-06,3.20047e-06,2.83693e-06
3.12535e-06,3.18787e-06,3.6398e-06
3.12276e-06,3.17962e-06,3.15649e-06
3.07131e-06,3.16819e-06,3.42513e-06
3.05749e-06,3.15903e-06,3.24981e-06
3.01151e-06,3.14819e-06,3.53361e-06
2.9934e-06,3.13915e-06,3.29358e-06
2.96947e-06,3.12927e-06,3.16389e-06
2.94046e-06,3.11915e-06,3.308e-06
2.90936e-06,3.1093e-06,3.46916e-06
2.88722e-06,3.09958e-06,3.44887e-06
2.83286e-06,3.08985e-06,3.42692e-06
2.83695e-06,3.08086e-06,3.28563e-06
2.80736e-06,3.07086e-06,3.29988e-06
2.75454e-06,3.06134e-06,3.36009e-06
2.73617e-06,3.05203e-06,3.34461e-06
2.72847e-06,3.04303e-06,3.22441e-06
2.68489e-06,3.03318e-06,3.2487e-06
2.65092e-06,3.02433e-06,3.24646e-06
2.63384e-06,3.01487e-06,3.22514e-06
2.5958e-06,3.00563e-06,3.26107e-06
2.57289e-06,2.99662e-06,3.23804e-06
2.53637e-06,2.98731e-06,3.22037e-06
2.51496e-06,2.9785e-06,3.18901e-06
2.48132e-06,2.96939e-06,3.13391e-06
2.46468e-06,2.96033e-06,3.14866e-06
2.45311e-06,2.9519e-06,3.08688e-06
2.40893e-06,2.94261e-06,3.04607e-06
2.36253e-06,2.93336e-06,3.14217e-06
2.36495e-06,2.92506e-06,3.13431e-06
2.33024e-06,2.91635e-06,3.00753e-06
2.292e-06,2.90745e-06,2.92366e-06
2.4018e-06,2.89692e-06,3.79968e-06
2.24885e-06,2.89063e-06,3.46944e-06
2.27419e-06,2.88092e-06,2.85647e-06
2.26269e-06,2.87279e-06,2.80189e-06
2.27198e-06,2.86396e-06,2.85612e-06
2.24695e-06,2.85569e-06,2.84427e-06
2.2521e-06,2.84702e-06,2.8081e-06
2.25303e-06,2.8384e-06,2.82391e-06
2.22388e-06,2.83025e-06,2.77358e-06
2.25865e-06,2.82121e-06,2.77766e-06
2.21808e-06,2.81325e-06,2.79058e-06
2.23491e-06,2.80447e-06,2.75916e-06
2.23675e-06,2.79589e-06,2.80722e-06
2.20425e-06,2.78792e-06,2.78001e-06
2.24183e-06,2.77875e-06,2.79858e-06
2.19344e-06,2.77105e-06,2.77291e-06
2.21631e-06,2.76224e-06,2.728e-06
2.19537e-06,2.75428e-06,2.70866e-06
2.21477e-06,2.74533e-06,2.71878e-06
2.17628e-06,2.73763e-06,2.68434e-06
2.21179e-06,2.72864e-06,2.67961e-06
2.17741e-06,2.72081e-06,2.68624e-06
2.18461e-06,2.71229e-06,2.63825e-06
2.17928e-06,2.70411e-06,2.64052e-06
2.18293e-06,2.69547e-06,2.65336e-06
2.16258e-06,2.68727e-06,2.63906e-06
2.16822e-06,2.67918e-06,2.59739e-06
2.175e-06,2.67065e-06,2.63776e-06
2.14825e-06,2.66278e-06,2.62057e-06
2.16084e-06,2.65424e-06,2.56515e-06
2.13413e-06,2.64628e-06,2.49731e-06
2.16168e-06,2.6376e-06,2.49037e-06
2.13597e-06,2.62968e-06,2.51707e-06
2.14488e-06,2.62114e-06,2.50705e-06
2.13456e-06,2.61288e-06,2.5289e-06
2.13157e-06,2.60469e-06,2.52985e-06
2.1143e-06,2.59678e-06,2.45934e-06
2.12959e-06,2.58829e-06,2.41773e-06
2.12434e-06,2.57978e-06,2.47782e-06
2.10095e-06,2.5721e-06,2.4402e-06
2.12021e-06,2.56343e-06,2.40476e-06
2.10339e-06,2.55523e-06,2.42744e-06
2.10367e-06,2.54688e-06,2.44497e-06
2.08914e-06,2.53918e-06,2.37409e-06
2.09588e-06,2.5305e-06,2.32043e-06
2.09167e-06,2.52211e-06,2.347e-06
2.07818e-06,2.51424e-06,2.34572e-06
2.08487e-06,2.50573e-06,2.3305e-06
2.06364e-06,2.49799e-06,2.29164e-06
2.08667e-06,2.48903e-06,2.28549e-06
2.05932e-06,2.481e-06,2.30704e-06
2.05804e-06,2.47291e-06,2.2764e-06
2.09971e-06,2.46386e-06,2.47829e-06
2.01603e-06,2.45667e-06,2.34632e-06
2.0568e-06,2.4478e-06,2.2049e-06
2.04172e-06,2.4395e-06,2.20633e-06
2.03124e-06,2.43174e-06,2.20418e-06
2.047e-06,2.42284e-06,2.17791e-06
2.01958e-06,2.41525e-06,2.15875e-06
1.96703e-06,2.40836e-06,1.88908e-06
2.08064e-06,2.39737e-06,2.14917e-06
2.04187e-06,2.38923e-06,2.48113e-06
1.98713e-06,2.38199e-06,2.25444e-06
2.03442e-06,2.37313e-06,2.20112e-06
1.98695e-06,2.36494e-06,2.18127e-06
1.98982e-06,2.35666e-06,2.08101e-06
2.00062e-06,2.34811e-06,2.06259e-06
1.98948e-06,2.34016e-06,2.0974e-06
1.98789e-06,2.33156e-06,2.07559e-06
1.97533e-06,2.32357e-06,2.05343e-06
2.01244e-06,2.31402e-06,2.33405e-06
1.93401e-06,2.30714e-06,2.10892e-06
1.9694e-06,2.29848e-06,1.9961e-06
1.9601e-06,2.28995e-06,1.94433e-06
1.95496e-06,2.28179e-06,1.96734e-06
1.9462e-06,2.27341e-06,1.93466e-06
1.94763e-06,2.26486e-06,1.94647e-06
1.92831e-06,2.25682e-06,1.9321e-06
1.94025e-06,2.24839e-06,1.92214e-06
1.93443e-06,2.23989e-06,1.94076e-06
1.92432e-06,2.23179e-06,1.94625e-06
1.91088e-06,2.22343e-06,1.89278e-06
1.91702e-06,2.21497e-06,1.88589e-06
1.90233e-06,2.20676e-06,1.87377e-06
1.89613e-06,2.1986e-06,1.84648e-06
1.91029e-06,2.18989e-06,1.85766e-06
1.88499e-06,2.18178e-06,1.86264e-06
1.88202e-06,2.17366e-06,1.83425e-06
1.88264e-06,2.16504e-06,1.79953e-06
1.87383e-06,2.15675e-06,1.82501e-06
1.86569e-06,2.14863e-06,1.82195e-06
1.86195e-06,2.14032e-06,1.79849e-06
1.84745e-06,2.13213e-06,1.77147e-06
1.85354e-06,2.12354e-06,1.77542e-06
1.84091e-06,2.11559e-06,1.78126e-06
1.84167e-06,2.10733e-06,1.76787e-06
1.83449e-06,2.09911e-06,1.75072e-06
1.82942e-06,2.09079e-06,1.74447e-06
1.81002e-06,2.08255e-06,1.7374e-06
1.81877e-06,2.07391e-06,1.77713e-06
1.80115e-06,2.06686e-06,1.73994e-06
1.80528e-06,2.05803e-06,1.67081e-06
1.78892e-06,2.04985e-06,1.67275e-06
1.79179e-06,2.04181e-06,1.68733e-06
1.77864e-06,2.03338e-06,1.6989e-06
1.76745e-06,2.02571e-06,1.69135e-06
1.77171e-06,2.01752e-06,1.66396e-06
1.76013e-06,2.00918e-06,1.6586e-06
1.7525e-06,2.00139e-06,1.67437e-06
1.74797e-06,1.99321e-06,1.65592e-06
1.74037e-06,1.98521e-06,1.65766e-06
1.7409e-06,1.97723e-06,1.65279e-06
1.72369e-06,1.96927e-06,1.62895e-06
1.71616e-06,1.96142e-06,1.60984e-06
1.711e-06,1.95323e-06,1.59006e-06
1.73343e-06,1.94517e-06,1.65976e-06
1.68452e-06,1.93772e-06,1.64164e-06
1.70001e-06,1.92945e-06,1.63244e-06
1.67999e-06,1.92162e-06,1.57541e-06
1.68376e-06,1.91402e-06,1.60418e-06
1.67916e-06,1.90607e-06,1.59124e-06
1.69779e-06,1.89859e-06,1.69603e-06
1.67035e-06,1.89028e-06,1.58291e-06
1.68834e-06,1.88293e-06,1.65869e-06
1.67882e-06,1.87516e-06,1.64537e-06
1.68109e-06,1.86763e-06,1.67021e-06
1.6793e-06,1.85988e-06,1.68723e-06
1.66359e-06,1.85213e-06,1.62804e-06
1.67715e-06,1.84465e-06,1.69097e-06
1.66306e-06,1.83685e-06,1.63251e-06
1.67538e-06,1.82974e-06,1.70218e-06
1.66152e-06,1.82198e-06,1.67875e-06
1.65896e-06,1.81418e-06,1.66974e-06
1.6545e-06,1.80715e-06,1.65689e-06
1.65635e-06,1.79969e-06,1.69341e-06
1.64799e-06,1.79228e-06,1.68132e-06
1.6464e-06,1.78511e-06,1.70007e-06
1.64187e-06,1.77754e-06,1.70982e-06
1.63359e-06,1.7702e-06,1.67673e-06
1.63176e-06,1.7631e-06,1.68648e-06
1.62588e-06,1.75568e-06,1.67989e-06
1.62592e-06,1.74847e-06,1.67732e-06
1.61972e-06,1.74182e-06,1.68878e-06
1.61331e-06,1.73419e-06,1.69078e-06
1.6109e-06,1.72747e-06,1.69969e-06
1.60236e-06,1.72011e-06,1.68666e-06
1.59805e-06,1.71319e-06,1.68172e-06
1.59209e-06,1.7062e-06,1.68299e-06
1.58466e-06,1.69932e-06,1.67709e-06
1.58429e-06,1.69242e-06,1.70253e-06
1.57166e-06,1.68544e-06,1.66953e-06
1.56789e-06,1.67859e-06,1.66642e-06
1.56466e-06,1.67205e-06,1.68271e-06
1.55218e-06,1.66496e-06,1.65463e-06
1.54888e-06,1.65837e-06,1.6509e-06
1.54272e-06,1.65159e-06,1.64568e-06
1.5438e-06,1.64529e-06,1.6868e-06
1.52272e-06,1.63826e-06,1.61454e-06
1.52692e-06,1.63198e-06,1.65536e-06
1.51824e-06,1.62542e-06,1.66275e-06
1.50799e-06,1.61887e-06,1.64689e-06
1.49785e-06,1.6142e-06,1.62713e-06
1.49355e-06,1.61085e-06,1.627e-06
1.49235e-06,1.60786e-06,1.6502e-06
1.48046e-06,1.60421e-06,1.62616e-06
1.47465e-06,1.6011e-06,1.63877e-06
1.46102e-06,1.59733e-06,1.62218e-06
1.45864e-06,1.59389e-06,1.63859e-06
1.45054e-06,1.59037e-06,1.63335e-06
1.44739e-06,1.58628e-06,1.63526e-06
1.43135e-06,1.58325e-06,1.57119e-06
1.42845e-06,1.57935e-06,1.60825e-06
1.41684e-06,1.57547e-06,1.59884e-06
1.40719e-06,1.57146e-06,1.57819e-06
1.40822e-06,1.56809e-06,1.61364e-06
1.39259e-06,1.56396e-06,1.58189e-06
1.39023e-06,1.55993e-06,1.59818e-06
1.37608e-06,1.55586e-06,1.56594e-06
1.37259e-06,1.55176e-06,1.57441e-06
1.36164e-06,1.54778e-06,1.55979e-06
1.35509e-06,1.54342e-06,1.55316e-06
1.34905e-06,1.53941e-06,1.55626e-06
1.33568e-06,1.53499e-06,1.52745e-06
1.33434e-06,1.53084e-06,1.55309e-06
1.32592e-06,1.52623e-06,1.53542e-06
1.32666e-06,1.52191e-06,1.52761e-06
1.32436e-06,1.51721e-06,1.50652e-06
1.3317e-06,1.51294e-06,1.52037e-06
1.32824e-06,1.50834e-06,1.5056e-06
1.32898e-06,1.50362e-06,1.50186e-06
1.32965e-06,1.49902e-06,1.49739e-06
1.33219e-06,1.49423e-06,1.50042e-06
1.32925e-06,1.48952e-06,1.48039e-06
1.32879e-06,1.48466e-06,1.4686e-06
1.3296e-06,1.47979e-06,1.4655e-06
1.33115e-06,1.47495e-06,1.46586e-06
1.33251e-06,1.47002e-06,1.46759e-06
1.32682e-06,1.46484e-06,1.44531e-06
1.32411e-06,1.45983e-06,1.43182e-06
1.32572e-06,1.45462e-06,1.43051e-06
1.32658e-06,1.44965e-06,1.42701e-06
1.32195e-06,1.44428e-06,1.40795e-06
1.35349e-06,1.43859e-06,1.44741e-06
1.29818e-06,1.43398e-06,1.30261e-06
1.31727e-06,1.42861e-06,1.38552e-06
1.30932e-06,1.42303e-06,1.35955e-06
1.31919e-06,1.41788e-06,1.40057e-06
1.31021e-06,1.41207e-06,1.3764e-06
1.31215e-06,1.40673e-06,1.38438e-06
1.30828e-06,1.40119e-06,1.38308e-06
1.30245e-06,1.39549e-06,1.36028e-06
1.30679e-06,1.38983e-06,1.3701e-06
1.30226e-06,1.3843e-06,1.36556e-06
1.29746e-06,1.37856e-06,1.35625e-06
1.29325e-06,1.37282e-06,1.35741e-06
1.29124e-06,1.36691e-06,1.36124e-06
1.28999e-06,1.36119e-06,1.3658e-06
1.28584e-06,1.3554e-06,1.36088e-06
1.28315e-06,1.34938e-06,1.35977e-06
1.2792e-06,1.34359e-06,1.35028e-06
1.27867e-06,1.33763e-06,1.3558e-06
1.27222e-06,1.33161e-06,1.34356e-06
1.26995e-06,1.32568e-06,1.34626e-06
1.26614e-06,1.31936e-06,1.34709e-06
1.26197e-06,1.31338e-06,1.33793e-06
1.27431e-06,1.30696e-06,1.38767e-06
1.24502e-06,1.30149e-06,1.27701e-06
1.24741e-06,1.2947e-06,1.3171e-06
1.24537e-06,1.28861e-06,1.32042e-06
1.24177e-06,1.28236e-06,1.32367e-06
1.23828e-06,1.27609e-06,1.32752e-06
1.23348e-06,1.26955e-06,1.32426e-06
1.22994e-06,1.2634e-06,1.32116e-06
1.22264e-06,1.25862e-06,1.30747e-06
1.22296e-06,1.25516e-06,1.32173e-06
1.21972e-06,1.25185e-06,1.31728e-06
1.21198e-06,1.24863e-06,1.29878e-06
1.20898e-06,1.24527e-06,1.30171e-06
1.2033e-06,1.24204e-06,1.29615e-06
1.19698e-06,1.23886e-06,1.28461e-06
1.18864e-06,1.23578e-06,1.2687e-06
1.19041e-06,1.23252e-06,1.2924e-06
1.18631e-06,1.22947e-06,1.28516e-06
1.18179e-06,1.22651e-06,1.28074e-06
1.17566e-06,1.22336e-06,1.27367e-06
1.16848e-06,1.22045e-06,1.2659e-06
1.16617e-06,1.21738e-06,1.27024e-06
1.15631e-06,1.21474e-06,1.24914e-06
1.15766e-06,1.2116e-06,1.26692e-06
1.14924e-06,1.2089e-06,1.25453e-06
1.14314e-06,1.20591e-06,1.25051e-06
1.13742e-06,1.20315e-06,1.25012e-06
1.13392e-06,1.20043e-06,1.25482e-06
1.12819e-06,1.19765e-06,1.25426e-06
1.12101e-06,1.19503e-06,1.25542e-06
1.11604e-06,1.19235e-06,1.26485e-06
1.11216e-06,1.18974e-06,1.27334e-06
1.10727e-06,1.18739e-06,1.27534e-06
1.10314e-06,1.18471e-06,1.27541e-06
1.09721e-06,1.18205e-06,1.27385e-06
1.0908e-06,1.17987e-06,1.27418e-06
1.08581e-06,1.17692e-06,1.27447e-06
1.07615e-06,1.17469e-06,1.26671e-06
1.0738e-06,1.17209e-06,1.28336e-06
1.06589e-06,1.16981e-06,1.27957e-06
1.06413e-06,1.16726e-06,1.29609e-06
1.05481e-06,1.16515e-06,1.28651e-06
1.05103e-06,1.16274e-06,1.29595e-06
1.04623e-06,1.16055e-06,1.30066e-06
1.04069e-06,1.15828e-06,1.2985e-06
1.06479e-06,1.15522e-06,1.415e-06
1.0078e-06,1.15418e-06,1.19286e-06
1.01549e-06,1.15147e-06,1.25248e-06
1.01568e-06,1.14918e-06,1.28363e-06
1.00981e-06,1.14705e-06,1.28864e-06
1.00762e-06,1.1453e-06,1.30992e-06
1.00111e-06,1.14308e-06,1.29935e-06
9.92287e-07,1.14049e-06,1.28212e-06
9.86826e-07,1.13864e-06,1.29106e-06
9.84207e-07,1.13645e-06,1.30511e-06
9.752e-07,1.13485e-06,1.2959e-06
9.70147e-07,1.13219e-06,1.28799e-06
9.6602e-07,1.1303e-06,1.29855e-06
9.60475e-07,1.12889e-06,1.31118e-06
9.6732e-07,1.12616e-06,1.34022e-06
9.40391e-07,1.12431e-06,1.25199e-06
9.40001e-07,1.12263e-06,1.27857e-06
9.37281e-07,1.12036e-06,1.28034e-06
9.33952e-07,1.11834e-06,1.28015e-06
9.30767e-07,1.11635e-06,1.28088e-06
9.22924e-07,1.11486e-06,1.27294e-06
9.29471e-07,1.11235e-06,1.29362e-06
9.22052e-07,1.11067e-06,1.28346e-06
9.17584e-07,1.10909e-06,1.28502e-06
9.15263e-07,1.10672e-06,1.27155e-06
9.12064e-07,1.10504e-06,1.27563e-06
9.08075e-07,1.10315e-06,1.26881e-06
9.04328e-07,1.10117e-06,1.26445e-06
8.97862e-07,1.0998e-06,1.26133e-06
8.99946e-07,1.09724e-06,1.25579e-06
8.95158e-07,1.0957e-06,1.26232e-06
8.8961e-07,1.09357e-06,1.2419e-06
8.85149e-07,1.09178e-06,1.23749e-06
8.83278e-07,1.08975e-06,1.24073e-06
8.79101e-07,1.0882e-06,1.24319e-06
8.91843e-07,1.08577e-06,1.23145e-06
8.84234e-07,1.08439e-06,1.22121e-06
8.89821e-07,1.0825e-06,1.24902e-06
9.03301e-07,1.0803e-06,1.23132e-06
9.07505e-07,1.07846e-06,1.23811e-06
9.11154e-07,1.07661e-06,1.2331e-06
9.01641e-07,1.07521e-06,1.24929e-06
9.26995e-07,1.07275e-06,1.24531e-06
9.26513e-07,1.07096e-06,1.22303e-06
9.39171e-07,1.06868e-06,1.25136e-06
9.31767e-07,1.06714e-06,1.25067e-06
9.22703e-07,1.06562e-06,1.27245e-06
9.45513e-07,1.06331e-06,1.24109e-06
9.54804e-07,1.06109e-06,1.24461e-06
9.5326e-07,1.0592e-06,1.24901e-06
9.52815e-07,1.05733e-06,1.25208e-06
9.5601e-07,1.05538e-06,1.25406e-06
9.57606e-07,1.05352e-06,1.24653e-06
9.65416e-07,1.05132e-06,1.25275e-06
9.64883e-07,1.04943e-06,1.25377e-06
9.76672e-07,1.04707e-06,1.25406e-06
9.64254e-07,1.04553e-06,1.26759e-06
9.77455e-07,1.04314e-06,1.2517e-06
9.83324e-07,1.04093e-06,1.24879e-06
9.74552e-07,1.03917e-06,1.26439e-06
9.79348e-07,1.03702e-06,1.24311e-06
9.89024e-07,1.03462e-06,1.25117e-06
9.7968e-07,1.03283e-06,1.25273e-06
9.94153e-07,1.03021e-06,1.24571e-06
9.8139e-07,1.02853e-06,1.25724e-06
9.94327e-07,1.02589e-06,1.24067e-06
9.82523e-07,1.02418e-06,1.24347e-06
9.89098e-07,1.02174e-06,1.26206e-06
9.99036e-07,1.01913e-06,1.24596e-06
9.83713e-07,1.01742e-06,1.25542e-06
9.91841e-07,1.01491e-06,1.21593e-06
9.96508e-07,1.01245e-06,1.24924e-06
9.84987e-07,1.01042e-06,1.25513e-06
9.97104e-07,1.00768e-06,1.23112e-06
9.90283e-07,1.00548e-06,1.23457e-06
9.88925e-07,1.00313e-06,1.22774e-06
9.89661e-07,1.00063e-06,1.23813e-06
9.81567e-07,9.98477e-07,1.23157e-06
9.85638e-07,9.95904e-07,1.23062e-06
9.84986e-07,9.93353e-07,1.23932e-06
9.87354e-07,9.9076e-07,1.20642e-06
9.86353e-07,9.88122e-07,1.20917e-06
9.77373e-07,9.8577e-07,1.2217e-06
9.78592e-07,9.83096e-07,1.21768e-06
9.80521e-07,9.80366e-07,1.19429e-06
9.68039e-07,9.7805e-07,1.21318e-06
9.62309e-07,9.75512e-07,1.21216e-06
9.79217e-07,9.7232e-07,1.17827e-06
9.67278e-07,9.69787e-07,1.20128e-06
9.64938e-07,9.66951e-07,1.19388e-06
9.53468e-07,9.64508e-07,1.19373e-06
9.60707e-07,9.61383e-07,1.18271e-06
9.53362e-07,9.58683e-07,1.18447e-06
9.41593e-07,9.5619e-07,1.18045e-06
9.31133e-07,9.53404e-07,1.31508e-06
9.5023e-07,9.50279e-07,1.05189e-06
9.5631e-07,9.46707e-07,1.1513e-06
9.28766e-07,9.44512e-07,1.12686e-06
9.3874e-07,9.40886e-07,1.13807e-06
9.1607e-07,9.38511e-07,1.16709e-06
9.21851e-07,9.35163e-07,1.13953e-06
9.22453e-07,9.31948e-07,1.12567e-06
9.08561e-07,9.29169e-07,1.132e-06
9.0854e-07,9.25812e-07,1.13635e-06
8.88176e-07,9.23369e-07,1.13601e-06
9.05755e-07,9.19378e-07,1.11488e-06
8.85872e-07,9.16716e-07,1.12879e-06
8.88598e-07,9.13184e-07,1.11917e-06
8.70731e-07,9.10418e-07,1.11845e-06
8.74898e-07,9.0691e-07,1.10643e-06
8.66061e-07,9.03599e-07,1.11659e-06
8.62424e-07,9.00294e-07,1.10426e-06
8.61772e-07,8.96624e-07,1.08817e-06
8.53425e-07,8.93414e-07,1.09227e-06
8.45883e-07,8.8994e-07,1.09012e-06
8.25743e-07,8.86982e-07,1.10351e-06
8.37568e-07,8.83058e-07,1.08011e-06
8.25545e-07,8.79698e-07,1.08062e-06
8.24659e-07,8.75962e-07,1.05877e-06
8.07347e-07,8.72749e-07,1.0975e-06
8.08401e-07,8.69309e-07,1.07697e-06
8.20922e-07,8.64996e-07,1.05528e-06
8.07135e-07,8.62101e-07,1.08319e-06
8.03594e-07,8.58819e-07,1.07461e-06
8.20033e-07,8.54156e-07,1.05547e-06
8.08137e-07,8.51069e-07,1.06437e-06
8.15584e-07,8.46926e-07,1.05068e-06
8.063e-07,8.4351e-07,1.06954e-06
8.15132e-07,8.39444e-07,1.04553e-06
8.01073e-07,8.36156e-07,1.06504e-06
8.14336e-07,8.31933e-07,1.04941e-06
8.13272e-07,8.27949e-07,1.03792e-06
8.06835e-07,8.24215e-07,1.05462e-06
8.04996e-07,8.20444e-07,1.05522e-06
8.11347e-07,8.16361e-07,1.02308e-06
8.01235e-07,8.12644e-07,1.06931e-06
8.06444e-07,8.08441e-07,1.0539e-06
7.96121e-07,8.05138e-07,1.05939e-06
8.11153e-07,8.00247e-07,1.03611e-06
8.01537e-07,7.96561e-07,1.05444e-06
8.0682e-07,7.92311e-07,1.0002e-06
8.00261e-07,7.88239e-07,1.08992e-06
7.90489e-07,7.84735e-07,1.06891e-06
7.96532e-07,7.8004e-07,1.04851e-06
8.1048e-07,7.75681e-07,1.03395e-06
7.89217e-07,7.72042e-07,1.06918e-06
7.93493e-07,7.67732e-07,1.04593e-06
7.92455e-07,7.63535e-07,1.04968e-06
7.95803e-07,7.59293e-07,1.04584e-06
7.9721e-07,7.54621e-07,1.02395e-06
7.83265e-07,7.50773e-07,1.06606e-06
7.94114e-07,7.46024e-07,1.03995e-06
7.90591e-07,7.41833e-07,1.0343e-06
7.85813e-07,7.37632e-07,1.03436e-06
7.70153e-07,7.33898e-07,1.07028e-06
7.97856e-07,7.28518e-07,9.98659e-07
7.78075e-07,7.24579e-07,1.0506e-06
7.82878e-07,7.19977e-07,1.02054e-06
7.50957e-07,7.16455e-07,1.13817e-06
7.97804e-07,7.11023e-07,9.42967e-07
7.79752e-07,7.0666e-07,1.00527e-06
7.67858e-07,7.02312e-07,1.05209e-06
7.75502e-07,6.9762e-07,1.00709e-06
7.61867e-07,6.93476e-07,1.04015e-06
7.72196e-07,6.8864e-07,1.00289e-06
7.61315e-07,6.84254e-07,1.03834e-06
7.61046e-07,6.79701e-07,1.02482e-06
7.63455e-07,6.75018e-07,1.00504e-06
7.59103e-07,6.70495e-07,1.00667e-06
7.56578e-07,6.65823e-07,1.01273e-06
7.55767e-07,6.61177e-07,1.00487e-06
7.51446e-07,6.56577e-07,1.01251e-06
7.52013e-07,6.51905e-07,9.85555e-07
7.50028e-07,6.47149e-07,9.90811e-07
7.45925e-07,6.42455e-07,1.0032e-06
7.43054e-07,6.37879e-07,9.84364e-07
7.45465e-07,6.33068e-07,9.71805e-07
7.33983e-07,6.28542e-07,1.00696e-06
7.40448e-07,6.23499e-07,9.94001e-07
7.37981e-07,6.18701e-07,9.8478e-07
7.30948e-07,6.14192e-07,9.86232e-07
7.35897e-07,6.09583e-07,1.0476e-06
7.42269e-07,6.04371e-07,9.30912e-07
7.422e-07,5.99896e-07,1.00168e-06
7.47578e-07,5.95037e-07,9.68555e-07
7.55716e-07,5.90114e-07,9.97386e-07
7.59825e-07,5.85113e-07,9.932e-07
7.70283e-07,5.8034e-07,9.81929e-07
7.81343e-07,5.7562e-07,9.7956e-07
7.92207e-07,5.70853e-07,1.00132e-06
8.00313e-07,5.66077e-07,9.95028e-07
8.02752e-07,5.61068e-07,9.75179e-07
8.06886e-07,5.55995e-07,9.68512e-07
8.26913e-07,5.515e-07,9.95507e-07
8.27813e-07,5.46424e-07,9.67086e-07
8.36919e-07,5.41568e-07,9.71543e-07
8.42804e-07,5.37391e-07,9.70985e-07
8.54588e-07,5.347e-07,9.81967e-07
8.55398e-07,5.31462e-07,9.44142e-07
8.75665e-07,5.2917e-07,9.84215e-07
8.71004e-07,5.2545e-07,9.53956e-07
9.95801e-07,5.30539e-07,1.58625e-06
8.05273e-07,5.19376e-07,5.26829e-07
8.62125e-07,5.20784e-07,7.65121e-07
9.0574e-07,5.20396e-07,9.45149e-07
9.16577e-07,5.19499e-07,9.63213e-07
9.2742e-07,5.19163e-07,9.44847e-07
9.31303e-07,5.18439e-07,9.58827e-07
9.42015e-07,5.18001e-07,9.78124e-07
9.48032e-07,5.17587e-07,9.46222e-07
9.53493e-07,5.17004e-07,9.57135e-07
9.66283e-07,5.1661e-07,9.57593e-07
9.62568e-07,5.15584e-07,9.26612e-07
9.82714e-07,5.15443e-07,9.60164e-07
9.8345e-07,5.14558e-07,9.36791e-07
9.90257e-07,5.13847e-07,9.38856e-07
9.99735e-07,5.13232e-07,9.4605e-07
1.0079e-06,5.12577e-07,9.36841e-07
1.01093e-06,5.11704e-07,9.20024e-07
1.0181e-06,5.10894e-07,9.29128e-07
1.02873e-06,5.1022e-07,9.3491e-07
1.03359e-06,5.09355e-07,9.15613e-07
1.04316e-06,5.08628e-07,9.21299e-07
1.04399e-06,5.07498e-07,9.18717e-07
1.05964e-06,5.07025e-07,9.26911e-07
1.05727e-06,5.05698e-07,9.0804e-07
1.06477e-06,5.04882e-07,9.04671e-07
1.07396e-06,5.04008e-07,9.03733e-07
1.07515e-06,5.02846e-07,8.74364e-07
1.09238e-06,5.02226e-07,9.2185e-07
1.08969e-06,5.00867e-07,8.86937e-07
1.09505e-06,4.99826e-07,8.8931e-07
1.10706e-06,4.99057e-07,8.83495e-07
1.10878e-06,4.97727e-07,8.85315e-07
1.11293e-06,4.9663e-07,8.71152e-07
1.12353e-06,4.95678e-07,8.86816e-07
1.12775e-06,4.9452e-07,8.72361e-07
1.13053e-06,4.93339e-07,8.56418e-07
1.13697e-06,4.92175e-07,8.56962e-07
1.14533e-06,4.91111e-07,8.64724e-07
1.14377e-06,4.89627e-07,8.46434e-07
1.15642e-06,4.88772e-07,8.5496e-07
1.1559e-06,4.87278e-07,8.4611e-07
1.16582e-06,4.86295e-07,8.44815e-07
1.1642e-06,4.84826e-07,8.2469e-07
1.16131e-06,4.83283e-07,7.89147e-07
1.18823e-06,4.82776e-07,8.68485e-07
1.17992e-06,4.80904e-07,8.22435e-07
1.18434e-06,4.79737e-07,8.19677e-07
1.18943e-06,4.78509e-07,8.12436e-07
1.19017e-06,4.77059e-07,7.98309e-07
1.20139e-06,4.76022e-07,8.12278e-07
1.20096e-06,4.74514e-07,7.95206e-07
1.20093e-06,4.73008e-07,7.82603e-07
1.20868e-06,4.71835e-07,7.92354e-07
1.20936e-06,4.70335e-07,7.77828e-07
1.21419e-06,4.69038e-07,7.78113e-07
1.21718e-06,4.67663e-07,7.67324e-07
1.21842e-06,4.66194e-07,7.57112e-07
1.22079e-06,4.64779e-07,7.55687e-07
1.22576e-06,4.63502e-07,7.48933e-07
1.22772e-06,4.61951e-07,7.51507e-07
1.23054e-06,4.60618e-07,7.44069e-07
1.22845e-06,4.59063e-07,7.21808e-07
1.23827e-06,4.5791e-07,7.4503e-07
1.23625e-06,4.56332e-07,7.24031e-07
1.23757e-06,4.5493e-07,7.19949e-07
1.2393e-06,4.53516e-07,7.15371e-07
1.24176e-06,4.52167e-07,7.07523e-07
1.24203e-06,4.50675e-07,7.07122e-07
1.24474e-06,4.49302e-07,7.07509e-07
1.24435e-06,4.47854e-07,7.01284e-07
1.24533e-06,4.46432e-07,7.00354e-07
1.24605e-06,4.45023e-07,6.98573e-07
1.2477e-06,4.43657e-07,6.98447e-07
1.24859e-06,4.42189e-07,6.94734e-07
1.25346e-06,4.40915e-07,7.05025e-07
1.25215e-06,4.39397e-07,6.87745e-07
1.25637e-06,4.38108e-07,6.98431e-07
1.25614e-06,4.36687e-07,6.88232e-07
1.2573e-06,4.35272e-07,6.89796e-07
1.25884e-06,4.3393e-07,6.85344e-07
1.25998e-06,4.32592e-07,6.80558e-07
1.26297e-06,4.31271e-07,6.92897e-07
1.26138e-06,4.29853e-07,6.76038e-07
1.26341e-06,4.28582e-07,6.81806e-07
1.26397e-06,4.27239e-07,6.80586e-07
1.26616e-06,4.25983e-07,6.85011e-07
1.26403e-06,4.24647e-07,6.73082e-07
1.26597e-06,4.23429e-07,6.76693e-07
1.26712e-06,4.22168e-07,6.81038e-07
1.2635e-06,4.2082e-07,6.61483e-07
1.26571e-06,4.19653e-07,6.70531e-07
1.26495e-06,4.18398e-07,6.66074e-07
1.26404e-06,4.17166e-07,6.61051e-07
1.26489e-06,4.16016e-07,6.65469e-07
1.26404e-06,4.14819e-07,6.62899e-07
1.26095e-06,4.13605e-07,6.46077e-07
1.26343e-06,4.12542e-07,6.62835e-07
1.26163e-06,4.11379e-07,6.56687e-07
1.2602e-06,4.1027e-07,6.52276e-07
1.25806e-06,4.09176e-07,6.44065e-07
1.25691e-06,4.08093e-07,6.44132e-07
1.25766e-06,4.07103e-07,6.5192e-07
1.25424e-06,4.06019e-07,6.39628e-07
1.25311e-06,4.05032e-07,6.40033e-07
1.25096e-06,4.04028e-07,6.34975e-07
1.25042e-06,4.03112e-07,6.38796e-07
1.2472e-06,4.0211e-07,6.33936e-07
1.24473e-06,4.01196e-07,6.27685e-07
1.24201e-06,4.00268e-07,6.24283e-07
1.23488e-06,3.99226e-07,5.93266e-07
1.24406e-06,3.98676e-07,6.56612e-07
1.2368e-06,3.97713e-07,6.27579e-07
1.23468e-06,3.96899e-07,6.25615e-07
1.22827e-06,3.96065e-07,6.09212e-07
1.2252e-06,3.95312e-07,6.02348e-07
1.2255e-06,3.94621e-07,6.16589e-07
1.22272e-06,3.9388e-07,6.15467e-07
1.2171e-06,3.93081e-07,6.01956e-07
1.21661e-06,3.92587e-07,6.09929e-07
1.20741e-06,3.91699e-07,5.79133e-07
1.20868e-06,3.91189e-07,6.01581e-07
1.20559e-06,3.90594e-07,5.99108e-07
1.20121e-06,3.89978e-07,5.92708e-07
1.19725e-06,3.8942e-07,5.898e-07
1.19555e-06,3.88971e-07,5.94205e-07
1.18851e-06,3.88369e-07,5.76951e-07
1.18764e-06,3.87995e-07,5.88952e-07
1.1812e-06,3.87476e-07,5.76451e-07
1.17684e-06,3.86997e-07,5.69391e-07
1.17456e-06,3.86662e-07,5.75348e-07
1.17205e-06,3.86318e-07,5.81686e-07
1.16355e-06,3.85829e-07,5.59012e-07
1.16256e-06,3.85674e-07,5.71564e-07
1.1571e-06,3.85249e-07,5.63811e-07
1.16211e-06,3.85016e-07,5.57447e-07
1.16512e-06,3.84809e-07,5.62791e-07
1.17478e-06,3.84435e-07,5.41517e-07
1.1768e-06,3.84345e-07,5.49134e-07
1.17882e-06,3.84199e-07,5.6013e-07
1.18655e-06,3.83944e-07,5.45932e-07
1.19422e-06,3.83804e-07,5.3035e-07
1.1988e-06,3.83671e-07,5.3097e-07
1.19848e-06,3.83737e-07,5.47256e-07
1.21178e-06,3.83411e-07,5.12462e-07
1.21157e-06,3.83483e-07,5.28529e-07
1.21748e-06,3.83456e-07,5.23219e-07
1.22266e-06,3.83415e-07,5.18223e-07
1.22951e-06,3.83409e-07,5.09559e-07
1.23203e-06,3.83491e-07,5.15208e-07
1.23486e-06,3.83601e-07,5.22599e-07
1.24542e-06,3.83521e-07,4.9653e-07
1.24716e-06,3.83739e-07,5.04784e-07
1.25572e-06,3.83791e-07,4.89468e-07
1.25587e-06,3.83987e-07,5.04306e-07
1.26044e-06,3.8414e-07,5.05017e-07
1.26961e-06,3.84262e-07,4.87803e-07
1.27343e-06,3.84486e-07,4.90445e-07
1.28322e-06,3.84609e-07,4.70434e-07
1.28002e-06,3.84906e-07,4.98908e-07
1.29174e-06,3.85034e-07,4.73995e-07
1.29616e-06,3.8535e-07,4.81565e-07
1.29992e-06,3.85662e-07,5.04321e-07
1.31745e-06,3.8586e-07,4.76137e-07
1.3264e-06,3.86208e-07,4.76382e-07
1.33631e-06,3.86543e-07,4.77034e-07
1.34699e-06,3.86834e-07,4.72129e-07
1.35436e-06,3.8721e-07,4.80205e-07
1.36862e-06,3.87473e-07,4.61802e-07
1.38102e-06,3.87772e-07,4.48957e-07
1.38332e-06,3.88254e-07,4.75543e-07
1.39623e-06,3.88499e-07,4.64145e-07
1.40599e-06,3.8893e-07,4.59598e-07
1.41568e-06,3.89297e-07,4.56198e-07
1.42576e-06,3.89679e-07,4.51968e-07
1.4312e-06,3.90113e-07,4.63662e-07
1.44926e-06,3.90328e-07,4.30829e-07
1.44989e-06,3.90951e-07,4.57618e-07
1.4601e-06,3.91289e-07,4.52639e-07
1.47786e-06,3.91463e-07,4.22408e-07
1.47514e-06,3.92249e-07,4.59287e-07
1.46705e-06,3.93008e-07,6.12837e-07
1.53784e-06,3.92013e-07,3.89822e-07
1.50487e-06,3.93373e-07,4.51046e-07
1.51241e-06,3.93515e-07,4.43364e-07
1.51787e-06,3.93936e-07,4.50666e-07
1.52642e-06,3.94361e-07,4.48011e-07
1.53568e-06,3.94784e-07,4.42138e-07
1.54549e-06,3.95273e-07,4.35055e-07
1.54588e-06,3.95825e-07,4.58593e-07
1.55976e-06,3.96125e-07,4.36089e-07
1.56534e-06,3.96556e-07,4.41575e-07
1.57702e-06,3.96916e-07,4.25876e-07
1.58031e-06,3.9734e-07,4.37897e-07
1.59399e-06,3.97551e-07,4.1392e-07
1.59423e-06,3.98008e-07,4.354e-07
1.602e-06,3.98267e-07,4.30045e-07
1.60955e-06,3.98545e-07,4.25288e-07
1.6138e-06,3.98914e-07,4.30013e-07
1.62213e-06,3.99115e-07,4.22511e-07
1.62633e-06,3.99462e-07,4.2635e-07
1.63514e-06,3.99605e-07,4.13852e-07
1.63659e-06,3.99945e-07,4.26096e-07
1.62664e-06,4.01292e-07,1.0721e-06
1.71601e-06,3.9815e-07,4.85518e-07
1.64564e-06,4.00426e-07,4.5731e-07
1.64941e-06,4.0023e-07,4.47612e-07
1.65484e-06,4.0039e-07,4.40317e-07
1.6592e-06,4.00685e-07,4.37976e-07
1.66477e-06,4.00851e-07,4.31839e-07
1.67147e-06,4.01003e-07,4.21961e-07
1.67426e-06,4.0114e-07,4.24014e-07
1.67637e-06,4.01246e-07,4.27535e-07
1.68206e-06,4.01239e-07,4.18067e-07
1.68982e-06,4.01159e-07,4.01066e-07
1.68969e-06,4.01191e-07,4.08932e-07
1.687e-06,4.01157e-07,4.23877e-07
1.69728e-06,4.00919e-07,3.96938e-07
1.6928e-06,4.0089e-07,4.15653e-07
1.70037e-06,4.006e-07,3.95239e-07
1.70024e-06,4.0052e-07,3.97675e-07
1.70811e-06,3.99974e-07,3.74072e-07
1.69968e-06,3.99936e-07,4.0508e-07
1.70351e-06,3.99502e-07,3.92933e-07
1.70282e-06,3.99211e-07,3.94006e-07
1.70915e-06,3.98727e-07,3.73195e-07
1.70983e-06,3.98179e-07,3.68213e-07
1.6998e-06,3.98037e-07,3.99457e-07
1.70331e-06,3.97364e-07,3.85108e-07
1.70474e-06,3.96847e-07,3.76376e-07
1.70667e-06,3.96234e-07,3.65287e-07
1.70292e-06,3.95619e-07,3.69598e-07
1.69731e-06,3.95094e-07,3.81243e-07
1.69826e-06,3.94387e-07,3.70812e-07
1.6945e-06,3.93624e-07,3.74834e-07
1.69014e-06,3.92972e-07,3.80259e-07
1.69832e-06,3.92016e-07,3.43746e-07
1.68912e-06,3.91315e-07,3.62059e-07
1.69115e-06,3.90193e-07,3.46294e-07
1.67727e-06,3.89574e-07,3.78007e-07
1.67788e-06,3.88472e-07,3.63033e-07
1.6728e-06,3.87529e-07,3.65747e-07
1.67554e-06,3.86399e-07,3.44112e-07
1.66713e-06,3.85386e-07,3.5518e-07
1.66188e-06,3.84227e-07,3.56557e-07
1.65761e-06,3.83044e-07,3.53224e-07
1.65546e-06,3.8173e-07,3.4371e-07
1.64594e-06,3.80584e-07,3.54276e-07
1.64236e-06,3.79159e-07,3.4808e-07
1.64404e-06,3.7772e-07,3.24893e-07
1.62559e-06,3.76436e-07,3.6007e-07
1.62542e-06,3.74833e-07,3.41036e-07
1.62016e-06,3.73332e-07,3.36429e-07
1.60971e-06,3.71931e-07,3.4457e-07
1.59892e-06,3.70318e-07,3.55098e-07
1.59583e-06,3.68599e-07,3.42158e-07
1.59059e-06,3.66924e-07,3.33911e-07
1.58462e-06,3.65107e-07,3.27171e-07
1.56401e-06,3.63469e-07,3.73948e-07
1.54613e-06,3.62131e-07,3.99162e-07
1.561e-06,3.59792e-07,4.20176e-07
1.55395e-06,3.57866e-07,3.7515e-07
1.55015e-06,3.5567e-07,3.44175e-07
1.53788e-06,3.5361e-07,3.22366e-07
1.52175e-06,3.51558e-07,3.22492e-07
1.50957e-06,3.49394e-07,3.26724e-07
1.50404e-06,3.47003e-07,3.11641e-07
1.48965e-06,3.44993e-07,3.22216e-07
1.48089e-06,3.4261e-07,3.15474e-07
1.47122e-06,3.40282e-07,3.11831e-07
1.46008e-06,3.3791e-07,3.10272e-07
1.44865e-06,3.35474e-07,3.10088e-07
1.43592e-06,3.33042e-07,3.13301e-07
1.42761e-06,3.30442e-07,3.02543e-07
1.41435e-06,3.27944e-07,3.04329e-07
1.40286e-06,3.25374e-07,3.06501e-07
1.39609e-06,3.22716e-07,3.05054e-07
1.38895e-06,3.20065e-07,3.05216e-07
1.38168e-06,3.17348e-07,3.05314e-07
1.3769e-06,3.14464e-07,2.98918e-07
1.37076e-06,3.11608e-07,2.95421e-07
1.36309e-06,3.0878e-07,2.94389e-07
1.35309e-06,3.05912e-07,3.02195e-07
1.34446e-06,3.02956e-07,3.02125e-07
1.3373e-06,2.99975e-07,2.99377e-07
1.33667e-06,2.96659e-07,2.8815e-07
1.31828e-06,2.93895e-07,3.05592e-07
1.31348e-06,2.90644e-07,2.9511e-07
1.30535e-06,2.87571e-07,2.92869e-07
1.29938e-06,2.84135e-07,2.87188e-07
1.29016e-06,2.81001e-07,2.85684e-07
1.28196e-06,2.77572e-07,2.82461e-07
1.273e-06,2.74297e-07,2.99593e-07
1.26423e-06,2.70829e-07,2.83117e-07
1.25271e-06,2.67484e-07,2.83764e-07
1.24341e-06,2.63927e-07,2.80952e-07
1.22753e-06,2.60546e-07,2.99372e-07
1.22059e-06,2.57163e-07,3.29375e-07
1.20607e-06,2.53736e-07,2.96972e-07
1.21438e-06,2.49572e-07,3.77136e-07
1.19991e-06,2.46329e-07,3.38175e-07
1.19118e-06,2.42308e-07,3.25577e-07
1.17805e-06,2.38803e-07,3.02943e-07
1.16736e-06,2.34787e-07,3.06658e-07
1.1595e-06,2.30914e-07,2.96618e-07
1.14674e-06,2.27192e-07,2.77247e-07
1.13318e-06,2.23394e-07,2.72684e-07
1.12129e-06,2.19502e-07,2.84742e-07
1.11078e-06,2.15585e-07,2.74855e-07
1.10127e-06,2.11645e-07,2.91725e-07
1.08998e-06,2.07683e-07,2.70959e-07
1.0773e-06,2.03762e-07,2.53796e-07
1.06958e-06,1.99668e-07,2.62999e-07
1.0587e-06,2.00409e-07,2.60278e-07
1.05031e-06,2.02535e-07,2.67701e-07
1.04292e-06,2.04741e-07,2.76564e-07
1.03205e-06,2.0662e-07,2.62657e-07
1.02282e-06,2.08658e-07,2.74299e-07
1.01198e-06,2.10526e-07,2.6497e-07
1.00324e-06,2.12573e-07,2.71539e-07
9.9199e-07,2.14371e-07,2.6046e-07
9.80925e-07,2.16151e-07,2.58778e-07
9.71946e-07,2.18127e-07,2.64635e-07
9.62061e-07,2.19997e-07,2.64275e-07
9.50398e-07,2.21677e-07,2.49219e-07
9.40604e-07,2.2354e-07,2.59324e-07
9.30168e-07,2.25317e-07,2.68854e-07
9.20509e-07,2.27149e-07,2.71715e-07
9.10536e-07,2.28939e-07,2.71656e-07
8.97925e-07,2.30468e-07,2.46126e-07
8.87128e-07,2.3216e-07,2.75697e-07
8.78854e-07,2.3406e-07,2.82352e-07
8.69271e-07,2.35821e-07,2.66375e-07
8.52858e-07,2.36902e-07,2.62909e-07
8.39667e-07,2.38278e-07,2.27252e-07
8.32556e-07,2.40206e-07,2.86599e-07
8.23146e-07,2.41886e-07,2.87396e-07
8.13022e-07,2.43472e-07,2.91297e-07
8.01033e-07,2.44926e-07,2.79394e-07
7.87818e-07,2.46202e-07,2.7939e-07
7.75818e-07,2.47561e-07,2.57836e-07
7.65548e-07,2.49055e-07,2.71887e-07
7.49816e-07,2.50009e-07,2.5575e-07
7.42099e-07,2.51712e-07,2.83773e-07
7.28495e-07,2.52776e-07,2.6112e-07
7.18132e-07,2.54174e-07,2.7675e-07
7.06818e-07,2.5544e-07,2.73294e-07
6.92505e-07,2.56397e-07,2.56266e-07
6.81213e-07,2.57613e-07,2.6838e-07
6.73202e-07,2.59084e-07,2.82682e-07
6.55676e-07,2.5971e-07,2.73376e-07
6.45968e-07,2.61049e-07,2.73302e-07
6.32863e-07,2.6188e-07,2.63186e-07
6.28036e-07,2.6276e-07,2.52481e-07
6.33572e-07,2.63885e-07,2.72695e-07
6.39494e-07,2.64895e-07,2.71494e-07
6.4526e-07,2.658e-07,2.67709e-07
6.5355e-07,2.66455e-07,2.5451e-07
6.58416e-07,2.67462e-07,2.69356e-07
6.63148e-07,2.68416e-07,2.84274e-07
6.67914e-07,2.69285e-07,2.76417e-07
6.7742e-07,2.69518e-07,2.47664e-07
6.77776e-07,2.71069e-07,3.0516e-07
6.86371e-07,2.71002e-07,2.62463e-07
6.89695e-07,2.72037e-07,2.92628e-07
6.93326e-07,2.72872e-07,2.92465e-07
7.02066e-07,2.72866e-07,2.52076e-07
7.01472e-07,2.74171e-07,3.17794e-07
7.08432e-07,2.74353e-07,2.74603e-07
7.15062e-07,2.7447e-07,2.50704e-07
7.16165e-07,2.75341e-07,2.90238e-07
7.1993e-07,2.75704e-07,2.80299e-07
7.26535e-07,2.75681e-07,2.55667e-07
7.27118e-07,2.76496e-07,2.92099e-07
7.28177e-07,2.77109e-07,3.00831e-07
7.41239e-07,2.75959e-07,1.84806e-07
7.3549e-07,2.7755e-07,3.15213e-07
7.39856e-07,2.7732e-07,2.94063e-07
7.41842e-07,2.77782e-07,2.94296e-07
7.42045e-07,2.78222e-07,2.90101e-07
7.45834e-07,2.78106e-07,2.77198e-07
7.52956e-07,2.77444e-07,2.60409e-07
7.4889e-07,2.78577e-07,3.25049e-07
7.5004e-07,2.78557e-07,2.903e-07
7.56181e-07,2.77928e-07,2.57367e-07
7.58266e-07,2.77854e-07,2.61353e-07
7.56386e-07,2.78279e-07,2.79661e-07
7.60567e-07,2.77616e-07,2.60871e-07
7.56225e-07,2.78212e-07,3.41309e-07
7.56127e-07,2.78364e-07,2.89846e-07
7.67106e-07,2.7649e-07,2.20985e-07
7.58821e-07,2.77749e-07,3.06304e-07
7.66555e-07,2.76269e-07,2.30821e-07
7.50316e-07,2.78364e-07,4.02922e-07
7.6982e-07,2.75135e-07,2.31126e-07
7.59991e-07,2.76437e-07,2.80205e-07
7.66085e-07,2.74942e-07,2.4431e-07
7.52006e-07,2.76569e-07,3.52867e-07
7.67599e-07,2.73605e-07,2.31827e-07
7.51013e-07,2.7574e-07,3.24701e-07
7.67717e-07,2.72356e-07,2.30808e-07
7.48796e-07,2.7473e-07,3.29277e-07
7.64281e-07,2.71456e-07,2.34136e-07
7.43883e-07,2.73874e-07,3.67155e-07
7.63489e-07,2.69943e-07,2.50464e-07
7.36837e-07,2.73312e-07,3.71492e-07
7.64909e-07,2.67824e-07,2.34725e-07
7.30766e-07,2.72402e-07,3.9196e-07
7.59641e-07,2.66507e-07,2.4311e-07
7.32475e-07,2.70121e-07,3.62021e-07
7.50148e-07,2.65874e-07,2.94379e-07
7.22755e-07,2.69122e-07,3.5555e-07
7.50385e-07,2.63359e-07,2.51283e-07
7.13672e-07,2.68115e-07,4.16207e-07
7.48282e-07,2.61092e-07,2.5992e-07
7.06126e-07,2.6668e-07,4.227e-07
7.43335e-07,2.59058e-07,2.52028e-07
7.13157e-07,2.62804e-07,3.15459e-07
7.20037e-07,2.59695e-07,3.63301e-07
6.93165e-07,2.62428e-07,4.0279e-07
7.32448e-07,2.54803e-07,2.85475e-07
6.90998e-07,2.59986e-07,3.87389e-07
7.16515e-07,2.53861e-07,3.03732e-07
6.7821e-07,2.58379e-07,3.68033e-07
7.1061e-07,2.51316e-07,3.04112e-07
6.71117e-07,2.55982e-07,3.93465e-07
7.11416e-07,2.4871e-07,2.68097e-07
6.64886e-07,2.53821e-07,3.98971e-07
7.2357e-07,2.46036e-07,2.54104e-07
6.75583e-07,2.51314e-07,3.79642e-07
7.33898e-07,2.43452e-07,2.60964e-07
6.86821e-07,2.48554e-07,3.7433e-07
7.2783e-07,2.42635e-07,3.26143e-07
6.97683e-07,2.45628e-07,3.43579e-07
7.45257e-07,2.39149e-07,2.79639e-07
7.04475e-07,2.4333e-07,3.59236e-07
7.56951e-07,2.37104e-07,2.82804e-07
7.13497e-07,2.40353e-07,3.47345e-07
7.6243e-07,2.39886e-07,2.89111e-07
7.23659e-07,2.42024e-07,3.37682e-07
7.62423e-07,2.42547e-07,2.92213e-07
7.24714e-07,2.44714e-07,3.54507e-07
7.82272e-07,2.45009e-07,2.561e-07
7.29326e-07,2.47183e-07,3.8462e-07
7.83166e-07,2.47449e-07,2.78904e-07
7.40844e-07,2.49347e-07,3.30224e-07
7.74835e-07,2.4987e-07,3.50561e-07
7.48153e-07,2.5146e-07,3.05599e-07
7.87492e-07,2.51839e-07,3.27509e-07
7.51261e-07,2.53401e-07,3.27657e-07
7.81084e-07,2.53887e-07,3.63008e-07
7.55784e-07,2.55304e-07,3.1737e-07
8.00817e-07,2.55353e-07,3.05876e-07
7.51264e-07,2.57012e-07,3.68181e-07
8.02323e-07,2.56888e-07,3.12016e-07
7.5838e-07,2.5837e-07,3.28128e-07
7.93249e-07,2.58446e-07,3.79984e-07
7.65643e-07,2.59622e-07,3.02678e-07
7.95545e-07,2.59641e-07,3.81356e-07
7.64642e-07,2.60852e-07,3.14506e-07
8.05536e-07,2.60593e-07,3.53207e-07
7.63333e-07,2.61828e-07,3.29492e-07
7.99879e-07,2.6154e-07,3.68203e-07
7.67564e-07,2.62631e-07,3.07862e-07
7.95613e-07,2.62439e-07,4.07104e-07
7.73072e-07,2.63189e-07,3.05886e-07
7.87995e-07,2.63192e-07,4.23393e-07
7.75076e-07,2.63807e-07,3.3339e-07
7.94524e-07,2.63638e-07,4.29711e-07
7.77476e-07,2.63999e-07,2.91612e-07
7.76965e-07,2.64131e-07,4.30515e-07
7.81598e-07,2.64263e-07,3.24899e-07
7.95094e-07,2.64049e-07,3.85514e-07
7.69106e-07,2.64456e-07,2.84498e-07
7.92591e-07,2.63902e-07,3.56802e-07
7.71308e-07,2.64219e-07,2.66369e-07
7.63719e-07,2.64339e-07,4.42223e-07
7.7906e-07,2.63973e-07,4.07767e-07
7.89478e-07,2.63578e-07,3.43521e-07
7.61075e-07,2.63932e-07,2.92349e-07
7.86876e-07,2.63034e-07,3.09496e-07
7.6017e-07,2.6343e-07,2.755e-07
7.76608e-07,2.62556e-07,3.49731e-07
7.65148e-07,2.62624e-07,2.57045e-07
7.56348e-07,2.62214e-07,4.09538e-07
7.68513e-07,2.61782e-07,2.91991e-07
7.67986e-07,2.6126e-07,3.68907e-07
7.55912e-07,2.6103e-07,2.66505e-07
7.45482e-07,2.60509e-07,4.34049e-07
7.68084e-07,2.59862e-07,2.906e-07
7.47956e-07,2.59504e-07,3.74325e-07
7.49844e-07,2.58875e-07,2.90064e-07
7.5216e-07,2.58207e-07,3.76043e-07
7.43213e-07,2.57788e-07,2.70319e-07
7.389e-07,2.56936e-07,3.95217e-07
7.4724e-07,2.56325e-07,2.66487e-07
7.30956e-07,2.55659e-07,3.88563e-07
7.42516e-07,2.54708e-07,1.97907e-07
7.2117e-07,2.54395e-07,4.134e-07
7.40405e-07,2.53273e-07,2.94979e-07
7.19198e-07,2.52597e-07,4.31897e-07
7.31039e-07,2.51534e-07,2.92547e-07
7.04785e-07,2.51124e-07,4.3265e-07
7.30677e-07,2.49765e-07,2.95308e-07
7.02626e-07,2.49314e-07,4.27074e-07
7.19392e-07,2.47853e-07,2.90852e-07
6.8883e-07,2.47675e-07,4.21359e-07
7.22864e-07,2.46028e-07,3.24254e-07
6.99085e-07,2.45254e-07,4.06713e-07
6.90516e-07,2.44424e-07,2.83383e-07
7.16781e-07,2.42779e-07,3.67104e-07
6.91494e-07,2.42443e-07,2.58012e-07
6.99644e-07,2.40777e-07,3.9989e-07
7.07415e-07,2.40135e-07,2.65041e-07
6.89206e-07,2.38711e-07,4.12188e-07
7.10703e-07,2.37509e-07,2.58065e-07
6.91341e-07,2.36638e-07,3.52604e-07
6.97567e-07,2.35412e-07,2.98601e-07
7.19433e-07,2.33893e-07,3.74688e-07
6.92783e-07,2.32825e-07,2.28527e-07
6.79125e-07,2.31845e-07,3.70503e-07
7.1602e-07,2.30176e-07,2.82813e-07
6.92202e-07,2.2921e-07,3.78915e-07
6.9846e-07,2.27688e-07,2.57916e-07
6.93881e-07,2.26529e-07,3.84755e-07
6.96497e-07,2.25066e-07,2.59174e-07
6.87001e-07,2.23824e-07,3.69467e-07
6.99953e-07,2.22287e-07,2.29679e-07
6.8333e-07,2.20989e-07,2.92342e-07
7.01627e-07,2.1963e-07,2.66581e-07
6.72464e-07,2.18675e-07,3.56103e-07
6.94966e-07,2.16651e-07,3.28201e-07
6.83333e-07,2.15704e-07,3.57356e-07
6.82593e-07,2.13866e-07,2.99259e-07
6.89569e-07,2.12456e-07,3.23254e-07
6.76059e-07,2.11168e-07,2.74774e-07
6.7736e-07,2.0956e-07,3.20724e-07
6.83545e-07,2.08064e-07,2.85939e-07
6.69564e-07,2.06808e-07,3.27201e-07
6.78364e-07,2.04797e-07,2.99538e-07
6.657e-07,2.03847e-07,2.90292e-07
6.69165e-07,2.02038e-07,3.30054e-07
6.84173e-07,2.00096e-07,2.03679e-07
6.55823e-07,1.99301e-07,2.56668e-07
6.58383e-07,1.97358e-07,3.16769e-07
6.71077e-07,1.95798e-07,3.0708e-07
6.53912e-07,1.94345e-07,2.8341e-07
6.63774e-07,1.92458e-07,2.74639e-07
6.54905e-07,1.91142e-07,2.67416e-07
6.48661e-07,1.89461e-07,2.90597e-07
6.54753e-07,1.8776e-07,2.57642e-07
6.50686e-07,1.86151e-07,2.54386e-07
6.42286e-07,1.84617e-07,2.41259e-07
6.4333e-07,1.83022e-07,2.71504e-07
6.39642e-07,1.81605e-07,3.35574e-07
6.45558e-07,1.79272e-07,2.16915e-07
6.32743e-07,1.77963e-07,1.92549e-07
6.29475e-07,1.76572e-07,2.12195e-07
6.27777e-07,1.7474e-07,2.23114e-07
6.36112e-07,1.73034e-07,2.51972e-07
6.33167e-07,1.71297e-07,1.84179e-07
6.20928e-07,1.69611e-07,2.08851e-07
6.19112e-07,1.67925e-07,1.7437e-07
6.46508e-07,1.64876e-07,5.44828e-07
6.18008e-07,1.64956e-07,5.66839e-07
5.82061e-07,1.63288e-07,4.64032e-07
6.07079e-07,1.60976e-07,6.78328e-07
6.20211e-07,1.59346e-07,2.75987e-07
5.8967e-07,1.57916e-07,3.33132e-07
5.97874e-07,1.56012e-07,2.69845e-07
5.95976e-07,1.54903e-07,3.29832e-07
5.95358e-07,1.52555e-07,2.23246e-07
5.86991e-07,1.51254e-07,2.54017e-07
5.86342e-07,1.49505e-07,2.07076e-07
5.89796e-07,1.4765e-07,2.86751e-07
5.85372e-07,1.45935e-07,1.57865e-07
5.73767e-07,1.44799e-07,1.99951e-07
5.74516e-07,1.42783e-07,1.61735e-07
5.6986e-07,1.41854e-07,2.40595e-07
5.76795e-07,1.39518e-07,1.41696e-07
5.61899e-07,1.3967e-07,1.82862e-07
5.62793e-07,1.37543e-07,1.43227e-07
5.5952e-07,1.36428e-07,2.06745e-07
5.6095e-07,1.34664e-07,1.38186e-07
5.50486e-07,1.34198e-07,1.88256e-07
5.01049e-07,1.36757e-07,1.08867e-06
5.52378e-07,1.29325e-07,4.51572e-07
5.54565e-07,1.29405e-07,1.01651e-07
5.52902e-07,1.28121e-07,8.3332e-08
5.44202e-07,1.27348e-07,1.04146e-07
5.37605e-07,1.26061e-07,1.15067e-07
5.32376e-07,1.24707e-07,1.20602e-07
5.29083e-07,1.23228e-07,1.1802e-07
5.25297e-07,1.21876e-07,1.18661e-07
5.20071e-07,1.20672e-07,1.22997e-07
5.16445e-07,1.19296e-07,1.23199e-07
5.13152e-07,1.17949e-07,1.19752e-07
5.09106e-07,1.16661e-07,1.27209e-07
4.99954e-07,1.15928e-07,1.40453e-07
4.99495e-07,1.14154e-07,1.33626e-07
5.00019e-07,1.12674e-07,1.24184e-07
4.9556e-07,1.11572e-07,1.19501e-07
4.87182e-07,1.10769e-07,1.345e-07
4.82529e-07,1.09502e-07,1.45477e-07
4.81636e-07,1.08045e-07,1.89722e-07
4.86833e-07,1.06156e-07,1.24289e-07
4.78423e-07,1.05634e-07,1.39182e-07
4.76816e-07,1.04085e-07,1.10556e-07
4.71184e-07,1.03088e-07,1.26805e-07
4.64161e-07,1.02135e-07,1.33121e-07
4.66574e-07,1.00271e-07,1.69909e-07
4.65755e-07,9.90347e-08,1.1354e-07
4.5784e-07,9.82697e-08,1.485e-07
4.57358e-07,9.66635e-08,1.08196e-07
4.49488e-07,9.59404e-08,1.5223e-07
4.51149e-07,9.41357e-08,1.19692e-07
4.43936e-07,9.34342e-08,1.44227e-07
4.44412e-07,9.18054e-08,1.15514e-07
4.39983e-07,9.07909e-08,1.42252e-07
4.38386e-07,8.94248e-08,1.04132e-07
4.31315e-07,8.85995e-08,1.27075e-07
4.32631e-07,8.68684e-08,1.05258e-07
4.25575e-07,8.62256e-08,1.12037e-07
4.23776e-07,8.46912e-08,1.06341e-07
4.18844e-07,8.37448e-08,1.08045e-07
4.19007e-07,8.22219e-08,9.62526e-08
4.13791e-07,8.13184e-08,1.08115e-07
4.13667e-07,8.11066e-08,9.01256e-08
4.07059e-07,8.14283e-08,1.01423e-07
4.06013e-07,8.1774e-08,9.18388e-08
4.00745e-07,8.20904e-08,9.76235e-08
3.99062e-07,8.24224e-08,9.21385e-08
3.94568e-07,8.26859e-08,9.62142e-08
3.91711e-07,8.30239e-08,9.13715e-08
3.88431e-07,8.33101e-08,9.19966e-08
3.85175e-07,8.35942e-08,9.1065e-08
3.81978e-07,8.3884e-08,8.9063e-08
3.78993e-07,8.41717e-08,8.80212e-08
3.75319e-07,8.44279e-08,8.81777e-08
3.72818e-07,8.47291e-08,8.29833e-08
3.68353e-07,8.49174e-08,9.06145e-08
3.64939e-07,8.52077e-08,8.65175e-08
3.6313e-07,8.54699e-08,8.17547e-08
3.59117e-07,8.56743e-08,8.40112e-08
3.54862e-07,8.59153e-08,8.52869e-08
3.52738e-07,8.61262e-08,8.22988e-08
3.48319e-07,8.63343e-08,8.38156e-08
3.46287e-07,8.65724e-08,7.90524e-08
3.43322e-07,8.6782e-08,7.77729e-08
3.39855e-07,8.69823e-08,7.76052e-08
3.36803e-07,8.71834e-08,7.60309e-08
3.29954e-07,8.73084e-08,9.45653e-08
3.32739e-07,8.7568e-08,6.53659e-08
3.27512e-07,8.77384e-08,7.19239e-08
3.23894e-07,8.79001e-08,7.35549e-08
3.20651e-07,8.80869e-08,7.08676e-08
3.17094e-07,8.82126e-08,7.5152e-08
3.13909e-07,8.83727e-08,7.19654e-08
3.10894e-07,8.85042e-08,7.21756e-08
3.07371e-07,8.86461e-08,7.14523e-08
3.05474e-07,8.87976e-08,6.59623e-08
3.02087e-07,8.89283e-08,6.69183e-08
2.98833e-07,8.90305e-08,6.70834e-08
2.93591e-07,8.91496e-08,7.27878e-08
2.92021e-07,8.92439e-08,6.81811e-08
2.88728e-07,8.93579e-08,6.6341e-08
2.85964e-07,8.94389e-08,6.66745e-08
2.82688e-07,8.95326e-08,6.46969e-08
2.79491e-07,8.96199e-08,6.53086e-08
2.76977e-07,8.97096e-08,6.25199e-08
2.7218e-07,8.97517e-08,6.92219e-08
2.71432e-07,8.98453e-08,5.84433e-08
2.6868e-07,8.99485e-08,5.55952e-08
2.64795e-07,8.99672e-08,6.17118e-08
2.60982e-07,9.00206e-08,6.17329e-08
2.59277e-07,9.0095e-08,5.52972e-08
2.55416e-07,9.01083e-08,5.98684e-08
2.52546e-07,9.01477e-08,5.83668e-08
2.4936e-07,9.01704e-08,5.84871e-08
2.46728e-07,9.01905e-08,5.67986e-08
2.43529e-07,9.02213e-08,5.54397e-08
2.41672e-07,9.024e-08,5.26826e-08
2.37222e-07,9.02343e-08,5.74166e-08
2.34632e-07,9.02344e-08,5.60316e-08
2.32146e-07,9.02392e-08,5.28264e-08
2.30785e-07,9.02743e-08,4.63112e-08
2.25816e-07,9.02057e-08,5.67616e-08
2.23383e-07,9.02034e-08,5.20466e-08
2.20254e-07,9.01742e-08,5.26484e-08
2.1792e-07,9.01494e-08,5.01696e-08
2.14839e-07,9.01113e-08,5.09017e-08
2.11775e-07,9.00651e-08,5.11995e-08
2.10206e-07,9.0043e-08,4.58675e-08
2.06892e-07,8.99949e-08,4.73498e-08
2.042e-07,8.99441e-08,4.65887e-08
2.01248e-07,8.98816e-08,4.72927e-08
1.98677e-07,8.98272e-08,4.52694e-08
1.95862e-07,8.97576e-08,4.57231e-08
1.93678e-07,8.96944e-08,4.29311e-08
1.90329e-07,8.96113e-08,4.51931e-08
1.87706e-07,8.95328e-08,4.43377e-08
1.85143e-07,8.94452e-08,4.37176e-08
1.82805e-07,8.93621e-08,4.16222e-08
1.79963e-07,8.92651e-08,4.24096e-08
1.77213e-07,8.91672e-08,4.23106e-08
1.75242e-07,8.90719e-08,3.92163e-08
1.71866e-07,8.89577e-08,4.19658e-08
1.68806e-07,8.88409e-08,4.29805e-08
1.68653e-07,8.87378e-08,3.48519e-08
1.63917e-07,8.86116e-08,4.09492e-08
1.62727e-07,8.85016e-08,3.64643e-08
1.59838e-07,8.83733e-08,3.76599e-08
1.57291e-07,8.82431e-08,3.7112e-08
1.5495e-07,8.81096e-08,3.6171e-08
1.52073e-07,8.79674e-08,3.73226e-08
1.50406e-07,8.78342e-08,3.38961e-08
1.47535e-07,8.76858e-08,3.49218e-08
1.45391e-07,8.75389e-08,3.39406e-08
1.42878e-07,8.73835e-08,3.41388e-08
1.40623e-07,8.72319e-08,3.24589e-08
1.37991e-07,8.70676e-08,3.36199e-08
1.35819e-07,8.69038e-08,3.28255e-08
1.33667e-07,8.6739e-08,3.12252e-08
1.31232e-07,8.6568e-08,3.15155e-08
1.29154e-07,8.63908e-08,3.09301e-08
1.26817e-07,8.62206e-08,3.0064e-08
1.24411e-07,8.60357e-08,3.06436e-08
1.22204e-07,8.58517e-08,2.9923e-08
1.20031e-07,8.56636e-08,2.9506e-08
1.17946e-07,8.54739e-08,2.87022e-08
1.16035e-07,8.52822e-08,2.74878e-08
1.13419e-07,8.50841e-08,2.89729e-08
1.11674e-07,8.48784e-08,2.79507e-08
1.09518e-07,8.46928e-08,2.56016e-08
1.06204e-07,8.44691e-08,3.06431e-08
1.07979e-07,8.43023e-08,1.78525e-08
1.02211e-07,8.40639e-08,2.98601e-08
1.03725e-07,8.38813e-08,1.76677e-08
9.9811e-08,8.36331e-08,3.57619e-08
9.7161e-08,8.34163e-08,2.44718e-08
9.73571e-08,8.3207e-08,1.73571e-08
9.57637e-08,8.29538e-08,3.29743e-08
9.3404e-08,8.27386e-08,2.50353e-08
9.18468e-08,8.25077e-08,2.28258e-08
9.04397e-08,8.22747e-08,2.23206e-08
8.93207e-08,8.20412e-08,2.22719e-08
8.80637e-08,8.18056e-08,2.17343e-08
8.6822e-08,8.15674e-08,2.1453e-08
8.56066e-08,8.13276e-08,2.09538e-08
8.43789e-08,8.1085e-08,2.06457e-08
8.31895e-08,8.08401e-08,2.02906e-08
8.19879e-08,8.05932e-08,1.99897e-08
8.07957e-08,8.03441e-08,1.96011e-08
7.95845e-08,8.00928e-08,1.92203e-08
7.84153e-08,7.98395e-08,1.89525e-08
7.72142e-08,7.95844e-08,1.84633e-08
7.60983e-08,7.93266e-08,1.84811e-08
7.48829e-08,7.90682e-08,1.78696e-08
7.37277e-08,7.88064e-08,1.75947e-08
7.2562e-08,7.85443e-08,1.7216e-08
7.14343e-08,7.82798e-08,1.70184e-08
7.02498e-08,7.8014e-08,1.64692e-08
6.91454e-08,7.77461e-08,1.63564e-08
6.79811e-08,7.74769e-08,1.59047e-08
6.68535e-08,7.72066e-08,1.56905e-08
6.57428e-08,7.69343e-08,1.55376e-08
6.46104e-08,7.66609e-08,1.52856e-08
6.34665e-08,7.6387e-08,1.50009e-08
6.29199e-08,7.61115e-08,1.48165e-08
6.26067e-08,7.58338e-08,1.46548e-08
6.22707e-08,7.55552e-08,1.4436e-08
6.17815e-08,7.5277e-08,1.40063e-08
6.1573e-08,7.49964e-08,1.39337e-08
6.11375e-08,7.47147e-08,1.36468e-08
6.09935e-08,7.44305e-08,1.37168e-08
6.05781e-08,7.41457e-08,1.34356e-08
6.02249e-08,7.38589e-08,1.32757e-08
6.00307e-08,7.357e-08,1.33154e-08
5.97439e-08,7.32825e-08,1.40062e-08
5.92117e-08,7.29925e-08,1.2863e-08
5.89199e-08,7.27041e-08,1.6121e-08
5.83896e-08,7.24149e-08,1.59508e-08
5.81217e-08,7.21223e-08,1.50073e-08
5.80064e-08,7.18312e-08,1.5843e-08
5.75711e-08,7.15315e-08,1.21974e-08
5.76332e-08,7.12234e-08,1.29251e-08
5.74429e-08,7.09369e-08,1.42921e-08
5.57944e-08,7.06693e-08,3.84809e-08
5.50012e-08,7.03613e-08,3.68534e-08
5.64484e-08,7.00504e-08,1.22971e-08
5.61409e-08,6.97481e-08,1.22833e-08
5.57898e-08,6.94421e-08,1.20714e-08
5.54281e-08,6.91383e-08,1.17579e-08
5.45795e-08,6.8839e-08,1.23521e-08
5.45879e-08,6.85305e-08,1.12602e-08
5.44443e-08,6.82434e-08,1.58086e-08
5.34193e-08,6.79201e-08,1.11665e-08
5.37321e-08,6.76512e-08,2.63202e-08
5.23942e-08,6.73128e-08,1.09935e-08
5.32117e-08,6.70152e-08,1.13292e-08
5.23166e-08,6.67274e-08,2.62976e-08
5.17339e-08,6.64199e-08,1.05222e-08
5.2102e-08,6.61442e-08,3.16949e-08
5.13532e-08,6.57749e-08,1.21358e-08
5.20163e-08,6.54825e-08,1.16991e-08
5.4124e-08,6.50969e-08,4.26939e-08
4.46542e-08,6.5002e-08,7.32293e-08
5.29203e-08,6.45453e-08,2.98757e-08
4.70301e-08,6.45912e-08,2.94338e-07
5.08904e-08,6.39327e-08,1.02273e-07
5.08503e-08,6.36998e-08,1.3165e-08
4.96671e-08,6.33802e-08,1.10466e-08
5.02535e-08,6.30171e-08,1.2323e-08
4.69184e-08,6.28045e-08,1.65778e-08
4.9011e-08,6.24315e-08,1.14268e-08
4.62216e-08,6.21736e-08,2.40634e-08
4.52281e-08,6.19302e-08,4.3382e-08
4.79875e-08,6.15026e-08,5.50238e-08
4.77007e-08,6.12203e-08,1.12966e-08
4.51925e-08,6.09537e-08,2.71383e-08
4.63489e-08,6.06143e-08,1.65354e-08
4.66055e-08,6.02948e-08,1.05358e-08
4.66458e-08,5.99703e-08,1.12867e-08
4.69484e-08,5.972e-08,2.23656e-08
4.6297e-08,5.93958e-08,1.93456e-08
4.66162e-08,5.90455e-08,2.22764e-08
5.06693e-08,5.88684e-08,4.13084e-08
4.60432e-08,5.84709e-08,2.57287e-08
1.73165e-07,5.93119e-08,1.55061e-06
1.75483e-07,6.95906e-08,5.66222e-07
7.00193e-08,5.73725e-08,4.72835e-07
7.30639e-08,5.77022e-08,5.03917e-07
4.94246e-08,5.70191e-08,2.66297e-07
7.79111e-08,5.75836e-08,4.7282e-07
5.43724e-08,5.64377e-08,1.6346e-07
7.26188e-08,5.69553e-08,4.28101e-07
5.23056e-08,5.59203e-08,1.10318e-07
5.99416e-08,5.6021e-08,2.32439e-07
4.81892e-08,5.54225e-08,5.15695e-08
5.11022e-08,5.51522e-08,3.61537e-08
5.19905e-08,5.48011e-08,1.35503e-08
5.15617e-08,5.44546e-08,8.86399e-09
5.73292e-08,5.37547e-08,1.36236e-07
6.81561e-08,5.4032e-08,1.31353e-07
5.50611e-08,5.34991e-08,5.47561e-08
5.52922e-08,5.33486e-08,1.54279e-08
5.42434e-08,5.32079e-08,2.32087e-08
5.43921e-08,5.30589e-08,1.13778e-08
5.61471e-08,5.29218e-08,6.57453e-08
5.34108e-08,5.27159e-08,1.92455e-08
5.36252e-08,5.25906e-08,2.39221e-08
5.89589e-08,5.24142e-08,2.57015e-08
5.90554e-08,5.23224e-08,6.20955e-08
5.17553e-08,5.19782e-08,3.93763e-08
5.92106e-08,5.20439e-08,1.5962e-08
5.86542e-08,5.18121e-08,1.19169e-08
5.75286e-08,5.16423e-08,8.42119e-09
5.86821e-08,5.15144e-08,9.88902e-09
5.87815e-08,5.13566e-08,8.26824e-09
5.87382e-08,5.11868e-08,7.3263e-09
6.41598e-08,5.11627e-08,4.70839e-08
5.72457e-08,5.08939e-08,1.57293e-08
5.98066e-08,5.07674e-08,2.53856e-08
5.94269e-08,5.05991e-08,1.53117e-08
5.70782e-08,5.03591e-08,2.16259e-08
6.46424e-08,5.03447e-08,3.73191e-08
6.03526e-08,5.00705e-08,3.15854e-08
6.89664e-08,5.01381e-08,8.83019e-08
5.62368e-08,4.97242e-08,2.91458e-08
7.57278e-08,5.00197e-08,2.39387e-07
5.69517e-08,4.9414e-08,5.62929e-08
6.10908e-08,4.9433e-08,4.50341e-08
5.83029e-08,4.91393e-08,1.70433e-08
6.00901e-08,4.89414e-08,8.10585e-09
6.33615e-08,4.87865e-08,2.24336e-08
6.1474e-08,4.85478e-08,8.71229e-09
6.20033e-08,4.8379e-08,9.14994e-09
6.22161e-08,4.81951e-08,9.68966e-09
6.22606e-08,4.80121e-08,9.27144e-09
6.25198e-08,4.78197e-08,1.03729e-08
6.24092e-08,4.76337e-08,9.11265e-09
6.21937e-08,4.74385e-08,7.39014e-09
6.09136e-08,4.72139e-08,9.37461e-09
6.61347e-08,4.7131e-08,3.35051e-08
6.17539e-08,4.68415e-08,1.63322e-08
1.50431e-07,4.85128e-08,5.7599e-07
1.30747e-07,4.56958e-08,3.68989e-07
5.56883e-08,4.67288e-08,1.7674e-07
5.56993e-08,4.62262e-08,1.31204e-07
6.48036e-08,4.59326e-08,8.40872e-08
5.7393e-08,4.54553e-08,6.70581e-08
6.57518e-08,4.5425e-08,4.43373e-08
6.00332e-08,4.50845e-08,4.34229e-08
6.48313e-08,4.50031e-08,2.56068e-08
6.17852e-08,4.47378e-08,2.81855e-08
6.38644e-08,4.4604e-08,1.26285e-08
6.35785e-08,4.44057e-08,1.84341e-08
6.24639e-08,4.41985e-08,6.64034e-09
6.34612e-08,4.40283e-08,1.10448e-08
6.20791e-08,4.3801e-08,6.57705e-09
6.70231e-08,4.37167e-08,3.56678e-08
6.08513e-08,4.33962e-08,1.32873e-08
6.97718e-08,4.34266e-08,7.12232e-08
5.85351e-08,4.29966e-08,2.27941e-08
6.8363e-08,4.30364e-08,7.58878e-08
5.83153e-08,4.26196e-08,2.11826e-08
2.7641e-07,5.92e-08,1.0427e-06
2.95468e-07,7.4246e-08,7.50031e-07
9.24427e-08,4.13448e-08,4.4621e-07
7.45889e-08,4.16754e-08,5.90039e-07
6.46915e-08,4.19339e-08,2.40065e-07
7.61615e-08,4.208e-08,2.04065e-07
5.51115e-08,4.15206e-08,1.18605e-07
7.38655e-08,4.18018e-08,2.18671e-07
5.61757e-08,4.10946e-08,7.61625e-08
7.19037e-08,4.13132e-08,2.21366e-07
5.62251e-08,4.06428e-08,4.5275e-08
6.92071e-08,4.07653e-08,1.23231e-07
5.61324e-08,4.01351e-08,3.94117e-08
5.87301e-08,4.00059e-08,2.00507e-08
5.84587e-08,3.96842e-08,1.34836e-08
6.18184e-08,3.94712e-08,6.16343e-08
5.60693e-08,3.90888e-08,1.90528e-08
6.02807e-08,3.89222e-08,4.01678e-08
5.71251e-08,3.85928e-08,1.32846e-08
6.69219e-08,3.85707e-08,1.27642e-07
5.7771e-08,3.79822e-08,5.25605e-08
5.84106e-08,3.79245e-08,9.90052e-09
5.93064e-08,3.7657e-08,8.62425e-09
6.29203e-08,3.74978e-08,2.74251e-08
5.66813e-08,3.71685e-08,1.76837e-08
5.88891e-08,3.70125e-08,5.9786e-09
6.87329e-08,3.63422e-08,1.08902e-07
7.65411e-08,3.68469e-08,1.0973e-07
6.24786e-08,3.62962e-08,2.63478e-08
6.01857e-08,3.61741e-08,1.94151e-08
5.82844e-08,3.59966e-08,1.90253e-08
6.03181e-08,3.58544e-08,2.82502e-08
5.68376e-08,3.55753e-08,1.8027e-08
6.12222e-08,3.54686e-08,3.56921e-08
5.53805e-08,3.51311e-08,1.52085e-08
6.19405e-08,3.50758e-08,4.57407e-08
5.41227e-08,3.46925e-08,1.51255e-08
5.97107e-08,3.46122e-08,3.28965e-08
5.48636e-08,3.42855e-08,1.02299e-08
6.04492e-08,3.41984e-08,2.91692e-08
5.36913e-08,3.38369e-08,1.29663e-08
5.70475e-08,3.37044e-08,1.15437e-08
5.5276e-08,3.34362e-08,6.72442e-09
5.74336e-08,3.32686e-08,1.53297e-08
5.47985e-08,3.29959e-08,7.43925e-09
5.69263e-08,3.28376e-08,1.50592e-08
5.46034e-08,3.25772e-08,9.18792e-09
5.64903e-08,3.2414e-08,1.4259e-08
5.40405e-08,3.21505e-08,9.18631e-09
5.63449e-08,3.19981e-08,1.61904e-08
5.34562e-08,3.17263e-08,9.97191e-09
5.57296e-08,3.15752e-08,1.53224e-08
5.36589e-08,3.132e-08,2.4294e-08
5.45294e-08,3.11362e-08,1.0052e-08
5.65431e-08,3.0579e-08,1.26231e-07
6.4445e-08,3.08583e-08,7.63616e-08
5.50817e-08,3.04148e-08,5.88168e-08
5.58599e-08,3.03028e-08,6.11561e-08
5.1774e-08,3.00591e-08,4.15226e-08
5.55008e-08,2.9972e-08,5.79216e-08
5.09402e-08,2.96691e-08,3.16741e-08
5.55379e-08,2.95882e-08,5.73018e-08
4.9485e-08,2.92483e-08,2.34354e-08
5.48162e-08,2.91748e-08,5.05005e-08
4.90502e-08,2.88455e-08,1.37287e-08
5.2944e-08,2.87306e-08,2.16688e-08
4.92714e-08,2.8431e-08,1.1183e-08
5.29232e-08,2.83154e-08,2.10778e-08
4.8513e-08,2.80101e-08,8.51661e-09
5.12879e-08,2.7973e-08,1.35705e-08
4.88163e-08,2.7661e-08,6.53486e-09
5.09516e-08,2.76596e-08,1.37449e-08
4.83614e-08,2.73734e-08,6.13652e-09
4.74179e-08,2.72912e-08,1.21751e-08
5.09001e-08,2.72568e-08,1.91973e-08
4.92928e-08,2.6968e-08,2.05302e-08
4.89064e-08,2.68862e-08,1.0366e-08
4.86529e-08,2.67536e-08,1.95412e-08
4.78627e-08,2.66003e-08,1.01272e-08
4.83119e-08,2.64999e-08,1.05751e-08
4.75587e-08,2.63189e-08,1.44962e-08
4.71946e-08,2.61961e-08,1.04232e-08
4.97773e-08,2.61478e-08,2.40116e-08
4.47266e-08,2.57913e-08,1.01005e-08
4.69483e-08,2.58802e-08,1.05647e-08
4.59142e-08,2.56293e-08,8.71812e-09
4.66885e-08,2.55491e-08,9.43707e-09
4.56635e-08,2.53612e-08,9.94072e-09
4.58839e-08,2.5271e-08,7.52268e-09
4.58427e-08,2.51309e-08,1.42059e-08
4.49091e-08,2.49753e-08,8.32946e-09
4.6043e-08,2.4906e-08,1.69705e-08
4.36426e-08,2.46728e-08,7.78591e-09
4.52023e-08,2.46638e-08,1.03191e-08
4.34414e-08,2.44284e-08,6.98039e-09
4.44946e-08,2.43869e-08,8.98677e-09
4.73024e-08,2.43085e-08,5.10795e-08
4.15308e-08,2.39419e-08,1.77429e-08
4.27093e-08,2.40355e-08,5.80952e-09
4.06419e-08,2.37867e-08,1.86461e-08
4.41814e-08,2.38138e-08,1.58137e-08
4.33122e-08,2.35521e-08,1.03874e-08
4.15402e-08,2.34194e-08,4.71327e-09
4.29708e-08,2.33944e-08,1.1887e-08
4.07263e-08,2.31598e-08,4.21815e-09
4.21208e-08,2.31476e-08,9.6677e-09
4.07126e-08,2.29357e-08,7.14603e-09
4.13458e-08,2.28796e-08,7.78144e-09
4.7199e-08,2.29072e-08,6.49653e-08
3.62829e-08,2.23234e-08,2.22268e-08
3.94384e-08,2.26408e-08,1.36465e-08
3.94241e-08,2.23775e-08,3.72425e-09
3.91884e-08,2.2241e-08,3.70006e-09
3.97237e-08,2.21448e-08,6.14147e-09
3.98433e-08,2.20162e-08,8.4613e-09
3.812e-08,2.18539e-08,3.75841e-09
3.96216e-08,2.18339e-08,1.02502e-08
3.5493e-08,2.15526e-08,2.19031e-08
4.14164e-08,2.17247e-08,2.64595e-08
3.80512e-08,2.13277e-08,1.44801e-08
3.87517e-08,2.13654e-08,1.22068e-08
3.74362e-08,2.11914e-08,1.58721e-08
3.8153e-08,2.11393e-08,1.00666e-08
3.66703e-08,2.09587e-08,1.04232e-08
3.75528e-08,2.09186e-08,9.48353e-09
3.64477e-08,2.07426e-08,1.3393e-08
3.68783e-08,2.06798e-08,9.55725e-09
3.61336e-08,2.05317e-08,1.52511e-08
3.62045e-08,2.04502e-08,9.8688e-09
3.61752e-08,2.03367e-08,1.83836e-08
3.54783e-08,2.02112e-08,9.97398e-09
5.45458e-08,1.83839e-08,3.74089e-07
4.9318e-08,2.17673e-08,1.4527e-07
3.54356e-08,1.9585e-08,1.45912e-07
3.80895e-08,1.9925e-08,1.47496e-07
3.83599e-08,1.97407e-08,1.23021e-07
3.64543e-08,1.95962e-08,1.28988e-07
3.56968e-08,1.9523e-08,8.19566e-08
3.56511e-08,1.94289e-08,1.01534e-07
3.41094e-08,1.92817e-08,5.89166e-08
3.47034e-08,1.92375e-08,7.49831e-08
3.31444e-08,1.90607e-08,3.88841e-08
3.35734e-08,1.90076e-08,4.81697e-08
3.25242e-08,1.88568e-08,2.54836e-08
3.25753e-08,1.87883e-08,2.83349e-08
3.19718e-08,1.86597e-08,1.33953e-08
3.14784e-08,1.85592e-08,1.21069e-08
3.15645e-08,1.84716e-08,5.83737e-09
3.10442e-08,1.83506e-08,4.80513e-09
3.08481e-08,1.82594e-08,3.35078e-09
3.23124e-08,1.82012e-08,1.2154e-08
2.9059e-08,1.79791e-08,6.16248e-09
3.01345e-08,1.80115e-08,3.2454e-09
2.94353e-08,1.7848e-08,2.83332e-09
3.05621e-08,1.77994e-08,6.58593e-09
2.55749e-08,1.7538e-08,4.27046e-08
3.47651e-08,1.78335e-08,3.6143e-08
2.92483e-08,1.72959e-08,2.4698e-08
2.98728e-08,1.74373e-08,9.91819e-09
2.79416e-08,1.72609e-08,1.34146e-08
2.91565e-08,1.72552e-08,7.46431e-09
2.80402e-08,1.70829e-08,7.14816e-09
2.88407e-08,1.70426e-08,6.57427e-09
2.78815e-08,1.68998e-08,4.57079e-09
2.85166e-08,1.68525e-08,4.5385e-09
2.78719e-08,1.67218e-08,9.24752e-09
2.8045e-08,1.66587e-08,3.13831e-09
2.79606e-08,1.65599e-08,3.32336e-09
2.76298e-08,1.64647e-08,2.53184e-09
2.80474e-08,1.63956e-08,5.32169e-09
2.70326e-08,1.62601e-08,2.56033e-09
2.82385e-08,1.62529e-08,9.49807e-09
2.72752e-08,1.60854e-08,1.04027e-08
2.70146e-08,1.60393e-08,4.03942e-09
2.79747e-08,1.59859e-08,9.59158e-09
2.63139e-08,1.58179e-08,5.92235e-09
2.76369e-08,1.58201e-08,8.58219e-09
2.59209e-08,1.56472e-08,5.63252e-09
2.71916e-08,1.56496e-08,7.53221e-09
2.59691e-08,1.54862e-08,8.64448e-09
2.67002e-08,1.54657e-08,5.88849e-09
2.71622e-08,1.53619e-08,2.28039e-08
2.5591e-08,1.52398e-08,6.71683e-09
2.61601e-08,1.52185e-08,1.21485e-08
2.52319e-08,1.50874e-08,4.12598e-09
2.59094e-08,1.50489e-08,5.86024e-09
2.53269e-08,1.49256e-08,7.46423e-09
2.52661e-08,1.48631e-08,4.39646e-09
2.70922e-08,1.48209e-08,1.7451e-08
2.35294e-08,1.46133e-08,7.60516e-09
2.47026e-08,1.46755e-08,3.29494e-09
2.42911e-08,1.45277e-08,2.16886e-09
2.49499e-08,1.44745e-08,5.60535e-09
2.33552e-08,1.43355e-08,8.58401e-09
2.54906e-08,1.43567e-08,1.16588e-08
2.39368e-08,1.41648e-08,7.50134e-09
2.44835e-08,1.417e-08,5.19253e-09
2.49868e-08,1.40847e-08,1.80435e-08
2.33578e-08,1.39572e-08,4.70345e-09
2.37342e-08,1.39405e-08,5.0199e-09
2.2214e-08,1.38094e-08,1.14843e-08
2.41699e-08,1.38127e-08,9.2211e-09
2.39566e-08,1.36677e-08,1.08516e-08
2.31828e-08,1.35924e-08,7.23304e-09
2.30463e-08,1.35421e-08,9.02764e-09
2.31584e-08,1.3472e-08,6.56331e-09
2.26412e-08,1.33802e-08,7.22044e-09
2.2971e-08,1.33295e-08,5.3531e-09
2.24156e-08,1.32302e-08,7.21702e-09
2.26635e-08,1.31812e-08,5.11877e-09
2.22109e-08,1.30868e-08,7.00565e-09
2.2348e-08,1.30317e-08,4.66658e-09
2.19968e-08,1.29467e-08,6.62953e-09
2.20929e-08,1.2888e-08,4.74594e-09
2.17148e-08,1.28021e-08,6.03302e-09
2.18267e-08,1.27464e-08,4.33664e-09
2.14777e-08,1.26603e-08,5.42383e-09
2.15886e-08,1.26049e-08,4.41714e-09
2.11387e-08,1.25211e-08,4.78626e-09
2.15315e-08,1.24731e-08,5.19763e-09
2.07707e-08,1.23706e-08,4.22112e-09
2.1153e-08,1.23363e-08,4.16855e-09
2.0772e-08,1.2242e-08,5.46932e-09
2.07782e-08,1.21879e-08,3.24403e-09
2.05634e-08,1.21138e-08,5.28847e-09
2.05087e-08,1.20515e-08,3.54264e-09
2.03522e-08,1.198e-08,5.13285e-09
2.0253e-08,1.1915e-08,3.62324e-09
2.0077e-08,1.18468e-08,4.61334e-09
2.0113e-08,1.17857e-08,4.14803e-09
1.97488e-08,1.17105e-08,4.51178e-09
1.99e-08,1.16589e-08,3.67704e-09
1.96716e-08,1.15796e-08,5.30604e-09
1.95219e-08,1.15192e-08,3.44131e-09
1.94254e-08,1.14584e-08,4.63007e-09
1.93726e-08,1.13929e-08,3.59681e-09
1.91493e-08,1.13251e-08,4.74599e-09
1.91449e-08,1.12684e-08,3.48503e-09
1.89844e-08,1.11974e-08,4.52291e-09
1.88482e-08,1.113e-08,3.14403e-09
1.85805e-08,1.10755e-08,3.88135e-09
1.88274e-08,1.10283e-08,4.05164e-09
1.8339e-08,1.09379e-08,3.48376e-09
1.85383e-08,1.08967e-08,3.47198e-09
1.81735e-08,1.08182e-08,3.81155e-09
1.82478e-08,1.07708e-08,2.94852e-09
1.80397e-08,1.07007e-08,4.07841e-09
1.79941e-08,1.06457e-08,3.03789e-09
1.77485e-08,1.05794e-08,3.39714e-09
1.77921e-08,1.05267e-08,2.87955e-09
1.7638e-08,1.04613e-08,4.46014e-09
1.74811e-08,1.04038e-08,2.74868e-09
1.74674e-08,1.03473e-08,4.1888e-09
1.72591e-08,1.02827e-08,3.09153e-09
1.71828e-08,1.02281e-08,3.65253e-09
1.7161e-08,1.01705e-08,3.48155e-09
1.684e-08,1.01043e-08,3.16649e-09
1.69751e-08,1.00595e-08,3.08907e-09
1.67024e-08,9.98936e-09,3.35855e-09
1.6794e-08,9.94346e-09,3.27995e-09
1.63754e-08,9.87173e-09,2.54141e-09
1.66283e-08,9.83441e-09,3.45164e-09
1.61298e-08,9.75532e-09,2.17314e-09
1.63749e-08,9.72117e-09,3.1039e-09
1.60094e-08,9.64665e-09,2.75312e-09
1.61035e-08,9.60466e-09,2.68743e-09
1.5904e-08,9.54025e-09,3.32989e-09
1.58448e-08,9.48986e-09,2.40716e-09
1.56967e-08,9.43234e-09,3.07123e-09
1.56705e-08,9.38116e-09,2.51064e-09
1.54124e-08,9.31977e-09,2.35627e-09
1.55436e-08,9.27662e-09,2.93303e-09
1.5214e-08,9.20964e-09,2.48782e-09
1.47807e-08,9.14858e-09,4.53657e-09
1.54767e-08,9.13598e-09,3.94258e-09
1.5473e-08,9.05656e-09,7.09512e-09
1.48278e-08,8.98628e-09,3.57987e-09
1.49163e-08,8.95776e-09,6.03416e-09
1.47796e-08,8.89801e-09,2.91945e-09
1.46976e-08,8.84623e-09,3.66164e-09
1.47255e-08,8.79788e-09,3.18701e-09
1.44121e-08,8.73502e-09,2.55622e-09
1.46724e-08,8.70045e-09,3.36584e-09
1.42049e-08,8.62845e-09,2.08769e-09
1.44745e-08,8.60094e-09,3.07786e-09
1.40365e-08,8.52643e-09,1.6141e-09
1.4279e-08,8.4972e-09,2.82826e-09
1.39202e-08,8.42824e-09,1.80946e-09
1.40708e-08,8.39431e-09,2.53603e-09
1.38753e-08,8.33458e-09,2.69421e-09
1.38188e-08,8.28839e-09,2.12205e-09
1.39312e-08,8.24572e-09,5.16273e-09
1.35638e-08,8.17922e-09,1.70154e-09
1.35687e-08,8.14467e-09,2.18858e-09
1.35908e-08,8.08546e-09,1.47983e-09
1.37215e-08,8.0595e-09,3.85553e-09
1.3582e-08,7.97839e-09,1.75606e-09
1.34856e-08,7.96248e-09,3.20108e-09
1.35125e-08,7.88477e-09,1.63926e-09
1.36322e-08,7.8775e-09,5.35452e-09
1.36812e-08,7.77638e-09,2.63787e-09
1.3123e-08,7.76955e-09,1.7267e-09
1.3208e-08,7.70829e-09,1.42449e-09
1.30691e-08,7.67332e-09,3.09473e-09
1.32316e-08,7.60476e-09,1.44463e-09
1.30249e-08,7.58376e-09,2.94771e-09
1.31539e-08,7.51316e-09,1.45126e-09
1.42369e-08,7.52453e-09,9.86345e-09
1.39808e-08,7.37747e-09,5.01768e-09
1.2846e-08,7.41582e-09,1.64532e-09
1.28519e-08,7.34303e-09,1.37344e-09
1.27406e-08,7.29788e-09,1.51915e-09
1.26411e-08,7.25357e-09,1.83564e-09
1.26143e-08,7.20626e-09,1.60663e-09
1.26271e-08,7.16334e-09,1.40767e-09
1.27849e-08,7.12786e-09,2.61873e-09
1.26197e-08,7.06945e-09,1.33353e-09
1.29254e-08,7.04717e-09,3.59056e-09
1.27837e-08,6.97326e-09,1.89744e-09
1.26865e-08,6.96358e-09,2.53791e-09
1.2534e-08,6.89337e-09,1.42313e-09
1.24792e-08,6.85853e-09,1.90124e-09
1.35548e-08,6.85341e-09,7.45251e-09
1.28713e-08,6.73509e-09,4.38426e-09
1.22994e-08,6.7519e-09,1.77307e-09
1.22149e-08,6.6901e-09,2.81091e-09
1.23403e-08,6.65256e-09,1.80151e-09
1.22678e-08,6.60826e-09,2.62679e-09
1.22074e-08,6.56652e-09,1.66663e-09
1.33714e-08,6.55784e-09,1.63821e-08
1.21961e-08,6.45018e-09,4.55927e-09
1.20309e-08,6.45004e-09,2.13689e-09
1.20807e-08,6.41358e-09,1.6026e-09
1.18585e-08,6.35788e-09,1.32236e-09
1.19126e-08,6.32412e-09,1.24539e-09
1.36663e-08,6.32661e-09,1.05689e-08
1.32176e-08,6.16591e-09,8.74228e-09
1.18583e-08,6.2438e-09,3.48814e-09
1.17026e-08,6.15983e-09,1.62994e-09
1.17886e-08,6.12287e-09,1.5544e-09
1.16871e-08,6.07716e-09,1.18026e-09
1.2201e-08,6.05745e-09,3.37767e-09
1.15167e-08,5.992e-09,1.54424e-09
1.15233e-08,5.96668e-09,2.38997e-09
1.20076e-08,5.94591e-09,2.94635e-09
1.30795e-08,5.93069e-09,2.95527e-08
1.17001e-08,5.83266e-09,1.19054e-08
1.18668e-08,5.78348e-09,6.66872e-09
1.14435e-08,5.80586e-09,1.94264e-09
1.11939e-08,5.73861e-09,1.47812e-09
1.24146e-08,5.64055e-09,4.5871e-08
1.44332e-08,5.78592e-09,2.2788e-08
1.16149e-08,5.58293e-09,1.09129e-08
1.12796e-08,5.59469e-09,9.43294e-09
1.10636e-08,5.55442e-09,5.1718e-09
1.1014e-08,5.5302e-09,1.0914e-08
1.09169e-08,5.47844e-09,2.55518e-09
1.13181e-08,5.46409e-09,9.08987e-09
1.08536e-08,5.38999e-09,2.73857e-09
1.09157e-08,5.38153e-09,1.06267e-09
1.09286e-08,5.33849e-09,1.08368e-09
1.09001e-08,5.30355e-09,1.09908e-09
1.08045e-08,5.26675e-09,1.03975e-09
1.09768e-08,5.23932e-09,1.60862e-09
1.08076e-08,5.19855e-09,1.21168e-09
1.09093e-08,5.17059e-09,2.24557e-09
1.07051e-08,5.13026e-09,1.7172e-09
1.06614e-08,5.09904e-09,1.30707e-09
1.07045e-08,5.06615e-09,2.25899e-09
1.06065e-08,5.0294e-09,2.77788e-09
1.07363e-08,5.00178e-09,4.54957e-09
1.03999e-08,4.96061e-09,1.21285e-09
1.04881e-08,4.93773e-09,2.07367e-09
1.0312e-08,4.89374e-09,1.22058e-09
1.0213e-08,4.86135e-09,9.70546e-10
1.04813e-08,4.8375e-09,2.54888e-09
1.01099e-08,4.79225e-09,1.74952e-09
1.03457e-08,4.7741e-09,3.02049e-09
9.97752e-09,4.72608e-09,1.74419e-09
